YEAR,DOY,HR,SCALAR_B,BY,BZ,SW_PLASMA,FLOW_PRESSURE,KP,DST,F107,AE
2020,81,0,5.5,-2.3,-2.0,395.,1.05,17,-28,70.3,9999
2020,81,1,6.5,-1.0,0.9,398.,0.98,17,-21,70.3,9999
2020,81,2,5.9,-2.7,-0.6,423.,1.33,17,-16,70.3,9999
2020,81,3,6.3,-1.1,3.4,463.,1.95,23,-11,70.3,9999
2020,81,4,6.0,-2.9,0.1,491.,2.05,23,-8,70.3,9999
2020,81,5,4.6,-0.9,-3.8,480.,2.26,23,-13,70.3,9999
2020,81,6,3.9,-0.7,-1.6,494.,2.08,30,-24,70.3,9999
2020,81,7,3.7,-0.3,-0.3,493.,1.86,30,-26,70.3,9999
2020,81,8,3.8,-1.1,0.3,498.,1.77,30,-22,70.3,9999
2020,81,9,4.1,-1.8,0.1,507.,1.78,20,-18,70.3,9999
2020,81,10,3.4,2.3,0.8,532.,1.79,20,-10,70.3,9999
2020,81,11,3.0,1.4,-0.2,520.,1.62,20,-9,70.3,9999
2020,81,12,2.9,-0.4,-1.0,499.,1.54,13,-13,70.3,9999
2020,81,13,3.0,-2.2,-1.0,483.,1.52,13,-14,70.3,9999
2020,81,14,3.3,-2.0,-2.1,480.,1.57,13,-14,70.3,9999
2020,81,15,3.6,-1.1,0.3,474.,1.42,20,-15,70.3,9999
2020,81,16,2.9,-1.9,-1.1,473.,1.55,20,-13,70.3,9999
2020,81,17,3.1,-1.6,-1.2,465.,1.40,20,-11,70.3,9999
2020,81,18,2.8,-0.7,-0.8,456.,1.28,17,-10,70.3,9999
2020,81,19,3.1,-0.5,-0.5,444.,1.29,17,-10,70.3,9999
2020,81,20,3.4,-0.9,0.7,443.,1.33,17,-8,70.3,9999
2020,81,21,4.4,-2.2,-0.8,432.,1.25,13,-10,70.3,9999
2020,81,22,4.5,-2.4,-1.3,421.,1.26,13,-13,70.3,9999
2020,81,23,4.3,0.1,0.6,419.,1.45,13,-14,70.3,9999
2020,82,0,5.2,-2.0,0.7,432.,1.79,23,-8,69.8,9999
2020,82,1,5.4,-4.1,-1.5,439.,2.01,23,-4,69.8,9999
2020,82,2,5.4,-3.4,-1.4,438.,1.80,23,-4,69.8,9999
2020,82,3,5.3,-2.6,-1.0,439.,1.78,20,-7,69.8,9999
2020,82,4,4.9,-1.7,-0.9,453.,1.82,20,-9,69.8,9999
2020,82,5,4.5,-0.9,-0.7,431.,1.36,20,-10,69.8,9999
2020,82,6,4.5,-2.3,-0.6,441.,1.51,10,-4,69.8,9999
2020,82,7,4.3,-3.2,-0.4,462.,1.77,10,-4,69.8,9999
2020,82,8,3.7,-2.1,-0.6,471.,2.15,10,-6,69.8,9999
2020,82,9,3.6,-2.4,-0.5,466.,2.25,10,-8,69.8,9999
2020,82,10,2.7,-1.6,-0.8,473.,2.50,10,-5,69.8,9999
2020,82,11,3.8,-2.6,-0.9,469.,2.42,10,-4,69.8,9999
2020,82,12,4.5,-1.6,1.0,462.,2.02,13,-6,69.8,9999
2020,82,13,5.0,-1.1,0.8,452.,1.60,13,-7,69.8,9999
2020,82,14,5.1,-1.5,0.0,446.,1.40,13,-8,69.8,9999
2020,82,15,5.0,-2.3,-1.2,449.,1.51,17,-10,69.8,9999
2020,82,16,4.7,-0.5,1.4,460.,1.72,17,-7,69.8,9999
2020,82,17,4.2,-0.6,1.7,453.,1.68,17,-4,69.8,9999
2020,82,18,3.8,-2.1,-0.5,442.,1.79,23,-7,69.8,9999
2020,82,19,3.9,-1.7,-2.2,444.,1.81,23,-9,69.8,9999
2020,82,20,2.6,-1.3,-0.7,441.,1.67,23,-15,69.8,9999
2020,82,21,3.3,-2.3,-0.5,444.,1.51,17,-17,69.8,9999
2020,82,22,3.9,-2.3,-0.7,456.,1.92,17,-14,69.8,9999
2020,82,23,4.2,-2.2,-1.3,462.,2.12,17,-15,69.8,9999
2020,83,0,3.7,-2.4,-1.8,454.,2.59,23,-15,69.9,9999
2020,83,1,4.6,-1.8,-3.5,457.,2.81,23,-11,69.9,9999
2020,83,2,4.7,-1.9,-2.4,458.,2.99,23,-12,69.9,9999
2020,83,3,3.8,-0.1,-2.1,459.,3.13,33,-11,69.9,9999
2020,83,4,4.9,-0.8,1.4,454.,2.37,33,-8,69.9,9999
2020,83,5,4.7,-2.0,2.2,453.,1.85,33,-6,69.9,9999
2020,83,6,5.0,-0.2,1.1,439.,1.33,13,-7,69.9,9999
2020,83,7,5.0,0.3,1.9,448.,1.47,13,-7,69.9,9999
2020,83,8,5.1,1.1,2.7,447.,1.61,13,-7,69.9,9999
2020,83,9,4.6,-0.2,1.2,454.,1.94,30,-7,69.9,9999
2020,83,10,4.1,1.9,2.0,474.,1.92,30,-10,69.9,9999
2020,83,11,5.2,-2.8,-1.4,474.,1.49,30,-15,69.9,9999
2020,83,12,4.5,-2.7,-0.4,511.,1.79,23,-12,69.9,9999
2020,83,13,3.2,0.0,-2.0,501.,2.06,23,-13,69.9,9999
2020,83,14,3.4,0.6,-1.7,505.,2.43,23,-11,69.9,9999
2020,83,15,3.0,-0.9,-1.1,509.,2.53,20,-11,69.9,9999
2020,83,16,2.7,-0.4,-0.1,514.,2.33,20,-11,69.9,9999
2020,83,17,2.9,-1.3,-0.8,506.,2.15,20,-10,69.9,9999
2020,83,18,3.9,-2.1,-2.0,486.,1.91,33,-13,69.9,9999
2020,83,19,3.7,-1.0,-2.2,501.,2.08,33,-15,69.9,9999
2020,83,20,3.8,0.2,-0.7,509.,1.65,33,-12,69.9,9999
2020,83,21,4.3,0.4,-1.0,501.,1.46,20,-13,69.9,9999
2020,83,22,4.3,-0.9,-1.7,477.,1.08,20,-12,69.9,9999
2020,83,23,4.3,-1.0,-2.5,472.,1.05,20,-15,69.9,9999
2020,84,0,4.9,-3.3,-3.1,452.,1.10,27,-17,70.8,9999
2020,84,1,3.1,-2.3,0.9,463.,1.38,27,-19,70.8,9999
2020,84,2,2.5,-1.4,0.2,471.,1.63,27,-13,70.8,9999
2020,84,3,3.0,-0.2,0.7,473.,1.31,10,-11,70.8,9999
2020,84,4,3.1,-1.2,-0.3,472.,1.21,10,-11,70.8,9999
2020,84,5,3.1,-1.6,-0.3,469.,1.20,10,-9,70.8,9999
2020,84,6,3.3,-1.9,-1.4,466.,1.28,10,-8,70.8,9999
2020,84,7,3.2,-1.5,-1.0,463.,1.27,10,-8,70.8,9999
2020,84,8,3.2,-1.1,-1.3,460.,1.28,10,-8,70.8,9999
2020,84,9,3.5,-1.2,0.7,456.,1.25,3,-4,70.8,9999
2020,84,10,3.5,-2.4,0.4,461.,1.44,3,0,70.8,9999
2020,84,11,3.9,-0.5,-1.9,451.,1.39,3,-1,70.8,9999
2020,84,12,3.9,-0.6,-0.7,437.,1.12,3,-3,70.8,9999
2020,84,13,4.4,-0.2,-1.3,435.,1.06,3,-6,70.8,9999
2020,84,14,4.4,0.1,-0.1,432.,1.16,3,-5,70.8,9999
2020,84,15,4.2,-1.2,0.4,431.,1.18,3,-3,70.8,9999
2020,84,16,4.2,0.1,0.0,425.,1.06,3,0,70.8,9999
2020,84,17,4.4,-0.6,-0.5,420.,1.14,3,2,70.8,9999
2020,84,18,4.3,-1.2,-0.4,414.,1.07,3,1,70.8,9999
2020,84,19,4.2,-1.3,-0.6,411.,1.08,3,1,70.8,9999
2020,84,20,4.0,-1.6,-1.0,408.,1.07,3,-2,70.8,9999
2020,84,21,4.0,-1.5,-1.0,408.,1.09,0,-5,70.8,9999
2020,84,22,4.3,-1.7,-0.9,402.,1.04,0,-8,70.8,9999
2020,84,23,4.6,-2.2,-1.0,401.,0.94,0,-9,70.8,9999
2020,85,0,5.0,-1.7,-1.5,400.,0.98,17,-10,70.9,9999
2020,85,1,4.7,-2.1,-1.7,388.,1.11,17,-12,70.9,9999
2020,85,2,5.3,-1.7,1.4,400.,1.41,17,-8,70.9,9999
2020,85,3,5.5,-0.9,1.8,414.,1.20,0,-6,70.9,9999
2020,85,4,4.9,-1.4,0.6,406.,1.13,0,-5,70.9,9999
2020,85,5,4.1,-1.5,0.7,398.,1.10,0,-4,70.9,9999
2020,85,6,3.7,-1.0,1.0,397.,1.03,3,-3,70.9,9999
2020,85,7,3.4,-1.4,0.2,400.,0.97,3,-2,70.9,9999
2020,85,8,3.3,-1.7,-0.2,395.,1.01,3,-3,70.9,9999
2020,85,9,3.1,-1.6,-0.5,394.,1.02,7,-5,70.9,9999
2020,85,10,3.3,-2.3,-0.7,391.,1.09,7,-5,70.9,9999
2020,85,11,3.6,-1.4,0.7,395.,1.35,7,-3,70.9,9999
2020,85,12,4.0,-0.9,0.8,393.,1.20,10,-2,70.9,9999
2020,85,13,3.9,-0.1,0.9,397.,1.01,10,-4,70.9,9999
2020,85,14,3.6,0.8,0.7,395.,0.99,10,-3,70.9,9999
2020,85,15,3.1,2.0,0.7,391.,1.13,0,-2,70.9,9999
2020,85,16,2.9,1.6,0.0,387.,1.14,0,-1,70.9,9999
2020,85,17,2.9,0.9,-1.4,382.,1.16,0,0,70.9,9999
2020,85,18,2.6,1.1,-1.5,385.,1.18,3,0,70.9,9999
2020,85,19,2.6,1.4,-0.8,387.,1.17,3,-2,70.9,9999
2020,85,20,3.0,1.0,-1.9,381.,1.11,3,-3,70.9,9999
2020,85,21,3.6,-1.1,-3.4,383.,1.18,17,-3,70.9,9999
2020,85,22,3.5,-1.8,-0.6,379.,1.14,17,-8,70.9,9999
2020,85,23,3.2,-1.1,-1.6,371.,1.13,17,-11,70.9,9999
2020,86,0,3.1,0.8,0.8,371.,1.06,3,-12,69.9,9999
2020,86,1,3.6,-0.5,0.5,365.,0.93,3,-14,69.9,9999
2020,86,2,4.1,-0.4,2.0,372.,1.00,3,-12,69.9,9999
2020,86,3,4.0,-0.0,1.2,364.,1.17,3,-6,69.9,9999
2020,86,4,3.3,-0.9,-0.1,388.,1.29,3,-1,69.9,9999
2020,86,5,3.1,-1.0,0.4,398.,1.18,3,0,69.9,9999
2020,86,6,3.0,-1.3,-0.7,400.,1.28,3,3,69.9,9999
2020,86,7,3.2,-1.5,-0.4,402.,1.35,3,3,69.9,9999
2020,86,8,3.8,-1.7,-0.3,398.,1.26,3,1,69.9,9999
2020,86,9,3.6,-1.9,-0.8,386.,1.33,10,1,69.9,9999
2020,86,10,3.7,-1.9,-1.0,383.,1.35,10,0,69.9,9999
2020,86,11,3.9,-1.8,-0.0,380.,1.41,10,2,69.9,9999
2020,86,12,3.6,-1.3,-1.7,385.,1.40,13,1,69.9,9999
2020,86,13,4.4,-0.8,0.3,402.,1.33,13,1,69.9,9999
2020,86,14,4.3,-1.1,-1.0,400.,1.35,13,2,69.9,9999
2020,86,15,4.3,-0.3,-0.4,400.,2.06,17,4,69.9,9999
2020,86,16,5.2,-4.1,-1.7,401.,1.70,17,4,69.9,9999
2020,86,17,5.5,-0.7,2.2,392.,1.33,17,1,69.9,9999
2020,86,18,5.7,-0.1,3.1,394.,1.12,7,0,69.9,9999
2020,86,19,4.8,-0.5,2.0,400.,1.77,7,1,69.9,9999
2020,86,20,3.5,-1.1,-1.3,414.,2.19,7,0,69.9,9999
2020,86,21,3.9,0.3,-2.4,423.,2.18,30,0,69.9,9999
2020,86,22,4.3,0.3,-2.3,425.,2.30,30,-2,69.9,9999
2020,86,23,3.6,-1.4,-1.5,413.,2.06,30,-9,69.9,9999
2020,87,0,3.7,-2.9,-0.9,409.,1.90,20,-12,69.2,9999
2020,87,1,3.1,-1.4,0.7,397.,1.73,20,-13,69.2,9999
2020,87,2,2.4,-1.7,-0.9,404.,1.73,20,-10,69.2,9999
2020,87,3,3.0,-1.6,-1.6,404.,1.70,17,-6,69.2,9999
2020,87,4,2.7,-1.6,-1.1,401.,1.73,17,-5,69.2,9999
2020,87,5,2.9,0.1,-1.7,402.,1.68,17,-3,69.2,9999
2020,87,6,2.7,-0.4,-0.6,403.,1.62,10,-2,69.2,9999
2020,87,7,2.6,-0.4,0.9,403.,1.45,10,-1,69.2,9999
2020,87,8,2.6,-1.1,-0.5,400.,1.40,10,-2,69.2,9999
2020,87,9,2.4,-1.8,-0.5,395.,1.34,7,-2,69.2,9999
2020,87,10,2.5,-1.8,0.4,391.,1.18,7,-1,69.2,9999
2020,87,11,2.6,-0.8,-0.4,388.,1.16,7,-2,69.2,9999
2020,87,12,3.0,-0.6,-1.6,392.,1.04,10,-4,69.2,9999
2020,87,13,2.1,-0.9,-0.5,382.,1.12,10,-8,69.2,9999
2020,87,14,4.0,-2.6,0.0,389.,0.96,10,-6,69.2,9999
2020,87,15,4.0,-3.2,-1.4,392.,0.88,20,-6,69.2,9999
2020,87,16,4.5,-3.1,-1.8,400.,0.98,20,-6,69.2,9999
2020,87,17,3.7,-1.6,-2.4,409.,1.15,20,-5,69.2,9999
2020,87,18,3.4,-0.6,-1.5,408.,1.30,20,-5,69.2,9999
2020,87,19,3.4,-1.9,-0.8,413.,1.39,20,-5,69.2,9999
2020,87,20,4.2,-1.8,-0.5,409.,1.35,20,-3,69.2,9999
2020,87,21,4.3,-1.0,0.2,405.,1.44,3,-1,69.2,9999
2020,87,22,4.5,-0.6,1.4,400.,1.43,3,-2,69.2,9999
2020,87,23,4.7,0.1,3.0,396.,1.34,3,-4,69.2,9999
2020,88,0,3.8,-1.1,0.7,396.,1.41,0,-7,69.0,9999
2020,88,1,4.2,-0.9,0.5,382.,1.09,0,-9,69.0,9999
2020,88,2,4.6,-1.4,1.6,376.,0.95,0,-9,69.0,9999
2020,88,3,4.8,-1.3,1.8,363.,1.00,7,-5,69.0,9999
2020,88,4,4.8,-2.9,-0.8,364.,0.96,7,-2,69.0,9999
2020,88,5,4.5,-2.7,-0.7,356.,0.96,7,-3,69.0,9999
2020,88,6,3.7,-1.1,-0.3,370.,1.38,13,3,69.0,9999
2020,88,7,3.0,0.7,-1.2,386.,2.01,13,3,69.0,9999
2020,88,8,2.3,0.2,-0.7,375.,1.87,13,1,69.0,9999
2020,88,9,3.2,0.6,-2.1,372.,1.75,17,2,69.0,9999
2020,88,10,3.3,0.7,-2.0,370.,1.70,17,0,69.0,9999
2020,88,11,3.7,0.3,-2.8,367.,1.81,17,-1,69.0,9999
2020,88,12,3.9,-0.8,-0.5,358.,1.83,13,-3,69.0,9999
2020,88,13,4.0,-1.6,1.0,361.,2.04,13,-2,69.0,9999
2020,88,14,4.0,-1.1,1.6,360.,1.85,13,-2,69.0,9999
2020,88,15,4.4,0.5,2.7,364.,1.60,3,-4,69.0,9999
2020,88,16,4.2,0.1,2.2,362.,1.47,3,-2,69.0,9999
2020,88,17,4.2,-0.7,1.8,370.,1.44,3,-1,69.0,9999
2020,88,18,3.8,-0.9,-0.7,364.,1.46,17,-1,69.0,9999
2020,88,19,2.9,0.4,-1.8,371.,1.79,17,-2,69.0,9999
2020,88,20,3.3,-1.1,-0.7,373.,1.80,17,-2,69.0,9999
2020,88,21,4.4,-0.8,-3.4,389.,1.52,23,-4,69.0,9999
2020,88,22,3.7,-2.2,-2.5,385.,1.69,23,-10,69.0,9999
2020,88,23,4.3,-2.2,0.9,384.,1.52,23,-12,69.0,9999
2020,89,0,4.5,-1.3,2.0,387.,1.41,7,-8,68.6,9999
2020,89,1,4.4,-0.5,0.8,392.,1.18,7,-5,68.6,9999
2020,89,2,3.9,-0.6,0.0,392.,1.05,7,-5,68.6,9999
2020,89,3,3.7,-0.8,-0.7,394.,1.13,3,-4,68.6,9999
2020,89,4,4.3,0.5,1.4,403.,1.27,3,-4,68.6,9999
2020,89,5,4.7,-1.6,0.2,402.,1.24,3,-1,68.6,9999
2020,89,6,5.1,-3.4,-0.7,401.,1.41,20,2,68.6,9999
2020,89,7,4.7,-2.7,-2.1,419.,1.88,20,2,68.6,9999
2020,89,8,5.1,-2.4,-1.9,424.,1.95,20,1,68.6,9999
2020,89,9,5.8,-2.7,2.3,415.,1.83,20,4,68.6,9999
2020,89,10,5.4,-1.1,0.9,410.,1.87,20,9,68.6,9999
2020,89,11,4.2,-1.6,-2.9,414.,2.31,20,6,68.6,9999
2020,89,12,4.3,-2.0,-2.7,410.,2.27,33,0,68.6,9999
2020,89,13,4.5,-1.6,-2.6,410.,1.95,33,-9,68.6,9999
2020,89,14,4.9,-3.5,-1.1,415.,1.66,33,-11,68.6,9999
2020,89,15,4.6,-2.1,-3.3,409.,1.67,20,-12,68.6,9999
2020,89,16,3.5,-0.5,-2.4,402.,1.80,20,-11,68.6,9999
2020,89,17,3.8,-1.1,-2.9,394.,1.56,20,-8,68.6,9999
2020,89,18,3.4,0.4,-2.1,389.,1.41,17,-9,68.6,9999
2020,89,19,4.1,-2.0,-3.3,392.,1.24,17,-12,68.6,9999
2020,89,20,4.0,-3.0,-1.9,388.,1.19,17,-17,68.6,9999
2020,89,21,3.6,-2.3,-2.5,396.,1.09,10,-18,68.6,9999
2020,89,22,3.8,-2.4,-2.8,399.,0.94,10,-21,68.6,9999
2020,89,23,3.8,-2.5,-2.2,390.,1.02,10,-23,68.6,9999
2020,90,0,3.2,-2.8,-0.9,386.,1.18,13,-20,69.1,9999
2020,90,1,3.1,-0.7,-1.1,385.,1.42,13,-16,69.1,9999
2020,90,2,3.4,0.6,-0.0,389.,1.90,13,-9,69.1,9999
2020,90,3,4.0,1.3,0.4,388.,2.00,23,-3,69.1,9999
2020,90,4,4.6,-1.8,-2.4,362.,1.35,23,-6,69.1,9999
2020,90,5,5.3,-2.7,0.2,356.,0.91,23,-4,69.1,9999
2020,90,6,4.3,-2.1,0.2,369.,1.23,13,-3,69.1,9999
2020,90,7,3.6,-1.2,-1.6,367.,1.35,13,-2,69.1,9999
2020,90,8,4.0,0.3,-0.1,360.,1.64,13,-3,69.1,9999
2020,90,9,3.8,-1.2,-0.5,363.,1.75,10,-7,69.1,9999
2020,90,10,4.9,-1.5,-2.6,366.,1.60,10,-7,69.1,9999
2020,90,11,5.5,-1.8,-2.8,355.,1.20,10,-7,69.1,9999
2020,90,12,5.6,-2.3,-1.2,351.,1.16,13,-9,69.1,9999
2020,90,13,6.7,-3.1,-0.7,393.,0.87,13,-12,69.1,9999
2020,90,14,6.6,-3.0,-0.2,413.,1.19,13,-10,69.1,9999
2020,90,15,6.7,-2.9,-0.2,410.,1.03,33,-7,69.1,9999
2020,90,16,5.3,-1.0,-0.2,487.,1.75,33,-4,69.1,9999
2020,90,17,6.0,-1.4,-2.9,499.,1.83,33,-12,69.1,9999
2020,90,18,5.6,1.2,-2.5,509.,2.08,33,-15,69.1,9999
2020,90,19,6.7,-1.7,-5.4,500.,2.23,33,-23,69.1,9999
2020,90,20,6.4,-3.7,-2.6,485.,2.29,33,-28,69.1,9999
2020,90,21,6.8,-4.4,-2.5,487.,2.28,40,-28,69.1,9999
2020,90,22,6.5,-4.2,-3.3,493.,2.25,40,-24,69.1,9999
2020,90,23,6.6,-3.6,-4.8,508.,2.37,40,-21,69.1,9999
2020,91,0,6.3,-2.8,-4.9,512.,2.06,33,-26,69.8,9999
2020,91,1,6.0,-1.4,-5.5,517.,2.03,33,-36,69.8,9999
2020,91,2,5.8,-3.7,-3.7,521.,2.08,33,-41,69.8,9999
2020,91,3,4.7,-2.7,-1.1,502.,2.26,40,-38,69.8,9999
2020,91,4,4.8,-3.4,1.0,503.,2.31,40,-28,69.8,9999
2020,91,5,6.1,-3.0,3.2,486.,1.93,40,-20,69.8,9999
2020,91,6,6.4,-2.9,-4.0,486.,1.79,37,-17,69.8,9999
2020,91,7,7.0,-3.6,-1.5,452.,1.26,37,-20,69.8,9999
2020,91,8,5.8,1.5,4.9,487.,2.17,37,-15,69.8,9999
2020,91,9,5.5,-0.4,1.9,473.,2.50,20,-7,69.8,9999
2020,91,10,4.9,-1.3,-0.7,469.,2.80,20,-3,69.8,9999
2020,91,11,5.5,-3.4,-1.8,471.,2.83,20,-3,69.8,9999
2020,91,12,6.4,-3.3,-3.2,482.,2.74,30,-9,69.8,9999
2020,91,13,6.7,-4.1,-1.6,500.,2.38,30,-21,69.8,9999
2020,91,14,5.3,-3.5,-1.4,526.,2.47,30,-23,69.8,9999
2020,91,15,4.7,-3.0,-0.5,531.,2.19,27,-24,69.8,9999
2020,91,16,5.1,-3.4,-0.2,522.,1.76,27,-22,69.8,9999
2020,91,17,4.8,-2.5,-0.7,509.,1.52,27,-16,69.8,9999
2020,91,18,4.5,-2.7,-1.7,513.,1.38,23,-16,69.8,9999
2020,91,19,4.0,-2.2,-1.0,498.,1.29,23,-18,69.8,9999
2020,91,20,3.9,-3.0,-0.8,504.,1.65,23,-11,69.8,9999
2020,91,21,3.4,0.1,-2.5,507.,1.73,13,-13,69.8,9999
2020,91,22,3.3,0.6,1.2,498.,1.58,13,-17,69.8,9999
2020,91,23,2.6,-0.7,-0.6,493.,1.33,13,-18,69.8,9999
2020,92,0,2.6,-0.1,-1.4,502.,1.46,20,-8,69.2,9999
2020,92,1,3.0,-1.9,-1.0,504.,1.42,20,-9,69.2,9999
2020,92,2,3.0,-1.7,-2.1,495.,1.41,20,-12,69.2,9999
2020,92,3,3.6,2.6,-0.9,469.,1.30,23,-17,69.2,9999
2020,92,4,3.7,0.4,-0.2,451.,1.34,23,-13,69.2,9999
2020,92,5,3.8,-0.4,0.2,457.,1.29,23,-9,69.2,9999
2020,92,6,3.0,-2.1,-0.9,489.,1.48,10,-9,69.2,9999
2020,92,7,3.2,-2.0,-1.4,486.,1.42,10,-11,69.2,9999
2020,92,8,3.7,-2.3,1.3,476.,1.17,10,-14,69.2,9999
2020,92,9,3.7,-2.1,1.6,461.,0.97,7,-12,69.2,9999
2020,92,10,3.0,-1.9,0.5,453.,0.97,7,-10,69.2,9999
2020,92,11,3.0,-2.6,-0.3,451.,1.09,7,-7,69.2,9999
2020,92,12,3.4,-3.0,0.4,451.,1.12,3,-6,69.2,9999
2020,92,13,3.5,-3.0,0.6,448.,1.19,3,-7,69.2,9999
2020,92,14,3.6,-2.1,-0.3,448.,1.16,3,-8,69.2,9999
2020,92,15,3.7,-2.1,-1.2,452.,1.19,13,-10,69.2,9999
2020,92,16,3.8,-2.2,-1.7,447.,1.17,13,-11,69.2,9999
2020,92,17,3.7,-2.3,-2.0,446.,1.31,13,-12,69.2,9999
2020,92,18,3.5,-2.8,-0.7,436.,1.14,10,-14,69.2,9999
2020,92,19,3.3,-0.9,-2.2,436.,1.23,10,-14,69.2,9999
2020,92,20,3.4,-1.1,-2.9,429.,1.16,10,-14,69.2,9999
2020,92,21,3.2,-1.0,-1.2,422.,1.12,20,-17,69.2,9999
2020,92,22,3.3,-1.9,-0.1,417.,1.15,20,-17,69.2,9999
2020,92,23,3.1,0.1,-0.5,412.,1.06,20,-17,69.2,9999
2020,93,0,3.5,1.1,0.2,406.,1.00,10,-14,69.7,9999
2020,93,1,3.2,-0.6,1.4,410.,1.11,10,-11,69.7,9999
2020,93,2,3.3,-1.7,-1.0,424.,1.18,10,-11,69.7,9999
2020,93,3,3.4,-1.0,-2.4,418.,1.17,20,-15,69.7,9999
2020,93,4,3.0,0.5,-0.8,412.,1.19,20,-19,69.7,9999
2020,93,5,3.5,-0.7,-2.2,424.,1.12,20,-16,69.7,9999
2020,93,6,3.1,-0.6,-2.2,423.,1.22,20,-14,69.7,9999
2020,93,7,3.5,-2.6,-1.5,422.,1.26,20,-15,69.7,9999
2020,93,8,3.7,-2.6,-0.8,424.,1.24,20,-15,69.7,9999
2020,93,9,3.8,0.1,2.4,414.,1.21,13,-12,69.7,9999
2020,93,10,3.9,-2.4,-0.3,411.,1.15,13,-9,69.7,9999
2020,93,11,3.5,-1.7,-0.2,414.,1.16,13,-4,69.7,9999
2020,93,12,3.3,-2.5,-0.2,414.,1.15,10,-1,69.7,9999
2020,93,13,3.7,-1.8,-0.5,414.,1.07,10,-3,69.7,9999
2020,93,14,3.8,-0.9,0.2,406.,0.89,10,-5,69.7,9999
2020,93,15,4.1,-0.4,1.0,407.,0.94,7,-5,69.7,9999
2020,93,16,4.2,-0.4,0.6,408.,0.99,7,-5,69.7,9999
2020,93,17,4.1,-1.8,-0.5,406.,1.16,7,-4,69.7,9999
2020,93,18,4.5,-2.2,-1.0,406.,1.29,20,-7,69.7,9999
2020,93,19,4.4,-2.3,-2.3,409.,1.43,20,-12,69.7,9999
2020,93,20,4.9,-2.2,-3.4,416.,1.67,20,-14,69.7,9999
2020,93,21,5.2,-2.9,-4.1,423.,1.96,27,-15,69.7,9999
2020,93,22,5.5,-0.6,0.6,389.,1.04,27,-10,69.7,9999
2020,93,23,5.4,0.3,-0.6,390.,1.13,27,-11,69.7,9999
2020,94,0,5.5,-0.3,0.9,392.,1.34,23,-11,70.0,9999
2020,94,1,5.7,-1.8,-2.8,391.,1.22,23,-14,70.0,9999
2020,94,2,5.7,-1.6,-1.8,389.,1.21,23,-16,70.0,9999
2020,94,3,5.9,-1.7,-0.3,386.,0.84,20,-16,70.0,9999
2020,94,4,5.3,-1.7,-0.3,379.,0.92,20,-16,70.0,9999
2020,94,5,5.7,-2.3,-1.6,395.,0.98,20,-15,70.0,9999
2020,94,6,5.8,-1.8,-0.7,398.,0.91,7,-12,70.0,9999
2020,94,7,5.8,-2.2,0.4,394.,0.89,7,-10,70.0,9999
2020,94,8,5.4,-1.2,0.7,395.,0.95,7,-9,70.0,9999
2020,94,9,5.3,-1.2,0.8,382.,0.76,7,-8,70.0,9999
2020,94,10,5.3,-2.0,-0.4,381.,0.67,7,-11,70.0,9999
2020,94,11,5.5,-2.0,0.5,386.,0.83,7,-7,70.0,9999
2020,94,12,5.7,-1.4,1.2,385.,0.85,10,-3,70.0,9999
2020,94,13,5.2,-1.9,0.7,407.,1.13,10,-3,70.0,9999
2020,94,14,5.7,-4.2,-2.0,423.,1.07,10,-10,70.0,9999
2020,94,15,6.0,-4.2,-1.5,420.,1.06,13,-14,70.0,9999
2020,94,16,5.5,-3.7,-2.1,434.,1.75,13,-10,70.0,9999
2020,94,17,5.8,-4.5,-1.8,438.,2.10,13,-12,70.0,9999
2020,94,18,5.7,-3.6,-0.2,422.,1.86,23,-14,70.0,9999
2020,94,19,5.1,-3.0,0.9,415.,1.63,23,-13,70.0,9999
2020,94,20,5.1,3.7,-1.9,427.,2.37,23,-9,70.0,9999
2020,94,21,6.3,2.9,-3.3,431.,2.23,37,-8,70.0,9999
2020,94,22,4.2,-2.3,-2.9,430.,2.67,37,-17,70.0,9999
2020,94,23,5.0,-0.9,2.8,422.,2.48,37,-18,70.0,9999
2020,95,0,4.0,1.6,1.0,428.,2.16,20,-14,70.2,9999
2020,95,1,3.5,1.1,1.2,430.,1.99,20,-10,70.2,9999
2020,95,2,4.0,1.2,2.6,424.,1.58,20,-13,70.2,9999
2020,95,3,4.2,1.1,2.3,414.,1.30,3,-14,70.2,9999
2020,95,4,4.0,-0.6,1.7,412.,1.38,3,-13,70.2,9999
2020,95,5,4.0,-1.3,0.3,430.,1.57,3,-10,70.2,9999
2020,95,6,3.9,0.0,-1.7,431.,1.57,0,-8,70.2,9999
2020,95,7,3.6,-0.4,-0.7,435.,1.57,0,-5,70.2,9999
2020,95,8,3.8,-1.5,-2.0,429.,1.57,0,-1,70.2,9999
2020,95,9,3.8,-1.6,-2.8,431.,1.51,13,-2,70.2,9999
2020,95,10,3.9,-1.9,-1.7,434.,1.39,13,-3,70.2,9999
2020,95,11,4.3,-2.9,0.9,433.,1.33,13,3,70.2,9999
2020,95,12,4.1,-1.5,1.3,423.,0.99,3,5,70.2,9999
2020,95,13,3.8,-0.3,1.6,422.,1.02,3,5,70.2,9999
2020,95,14,3.0,-0.2,0.6,427.,1.10,3,3,70.2,9999
2020,95,15,3.2,1.8,1.4,416.,0.96,7,0,70.2,9999
2020,95,16,3.6,2.6,1.3,407.,0.95,7,-3,70.2,9999
2020,95,17,2.9,0.6,0.6,402.,0.83,7,-3,70.2,9999
2020,95,18,2.7,0.0,-1.9,422.,1.04,17,-7,70.2,9999
2020,95,19,3.0,0.1,-2.2,426.,1.17,17,-10,70.2,9999
2020,95,20,3.4,0.2,-3.0,432.,1.35,17,-10,70.2,9999
2020,95,21,3.7,-0.2,-2.6,422.,1.35,17,-11,70.2,9999
2020,95,22,3.7,-0.1,-2.1,419.,1.47,17,-7,70.2,9999
2020,95,23,4.2,0.9,-1.9,414.,1.51,17,-3,70.2,9999
2020,96,0,5.6,3.0,-2.1,417.,2.01,17,0,71.3,9999
2020,96,1,6.1,2.2,1.8,416.,2.41,17,3,71.3,9999
2020,96,2,6.0,-0.2,2.4,414.,2.51,17,3,71.3,9999
2020,96,3,7.2,-0.9,1.8,432.,2.54,13,2,71.3,9999
2020,96,4,6.3,2.9,2.9,431.,2.90,13,4,71.3,9999
2020,96,5,6.5,0.4,3.2,426.,2.52,13,4,71.3,9999
2020,96,6,5.1,1.7,1.9,430.,2.38,7,3,71.3,9999
2020,96,7,4.3,0.2,0.2,428.,1.70,7,1,71.3,9999
2020,96,8,3.1,1.6,-0.7,447.,1.56,7,-3,71.3,9999
2020,96,9,3.5,1.1,-1.3,441.,1.40,13,-2,71.3,9999
2020,96,10,3.5,1.8,-1.3,428.,1.21,13,-3,71.3,9999
2020,96,11,2.8,1.2,-1.1,430.,1.38,13,-1,71.3,9999
2020,96,12,2.5,1.1,0.7,425.,1.07,10,0,71.3,9999
2020,96,13,2.6,1.3,-0.8,406.,0.93,10,-2,71.3,9999
2020,96,14,2.5,1.4,-0.5,406.,0.98,10,-3,71.3,9999
2020,96,15,2.4,0.6,-2.1,418.,1.01,7,-4,71.3,9999
2020,96,16,2.4,1.5,-0.9,406.,0.92,7,-5,71.3,9999
2020,96,17,2.6,2.2,-0.7,400.,0.89,7,-7,71.3,9999
2020,96,18,2.5,0.7,-0.1,395.,0.89,3,-6,71.3,9999
2020,96,19,2.4,-0.9,-0.2,391.,0.90,3,-4,71.3,9999
2020,96,20,2.7,-0.4,0.1,384.,0.92,3,-1,71.3,9999
2020,96,21,2.6,-2.0,-0.0,382.,0.96,10,3,71.3,9999
2020,96,22,2.2,-1.5,-1.0,381.,1.00,10,7,71.3,9999
2020,96,23,2.1,-1.6,-0.8,375.,0.99,10,8,71.3,9999
2020,97,0,2.4,-1.1,-0.8,377.,0.98,10,6,70.1,9999
2020,97,1,2.5,-1.9,-0.7,376.,0.95,10,2,70.1,9999
2020,97,2,2.1,-1.0,-0.7,366.,0.97,10,-2,70.1,9999
2020,97,3,2.3,-1.2,-1.1,375.,1.12,10,-3,70.1,9999
2020,97,4,2.9,-1.7,0.5,370.,1.20,10,-1,70.1,9999
2020,97,5,2.9,-1.7,1.3,369.,1.17,10,-1,70.1,9999
2020,97,6,3.1,-2.3,-0.4,364.,1.14,3,0,70.1,9999
2020,97,7,2.9,-1.9,-1.1,372.,1.15,3,1,70.1,9999
2020,97,8,2.7,-1.6,-0.8,364.,1.12,3,2,70.1,9999
2020,97,9,2.6,-2.1,-0.7,357.,1.08,0,4,70.1,9999
2020,97,10,2.9,-0.5,-0.8,363.,1.03,0,2,70.1,9999
2020,97,11,2.8,-1.3,-1.2,363.,1.09,0,2,70.1,9999
2020,97,12,2.8,-2.5,0.1,353.,1.01,10,3,70.1,9999
2020,97,13,2.6,-1.2,-1.3,358.,1.11,10,4,70.1,9999
2020,97,14,3.2,-1.8,1.2,348.,0.78,10,2,70.1,9999
2020,97,15,3.2,-0.9,2.1,339.,0.68,3,1,70.1,9999
2020,97,16,3.0,-0.3,0.5,328.,0.46,3,-1,70.1,9999
2020,97,17,2.9,-1.6,-0.2,329.,0.54,3,0,70.1,9999
2020,97,18,2.8,-1.2,0.5,334.,0.71,0,0,70.1,9999
2020,97,19,2.8,-1.0,1.2,328.,0.63,0,0,70.1,9999
2020,97,20,2.7,-0.6,0.7,328.,0.66,0,2,70.1,9999
2020,97,21,2.7,-1.4,1.9,335.,0.73,0,3,70.1,9999
2020,97,22,2.6,-1.1,1.6,335.,0.77,0,4,70.1,9999
2020,97,23,2.0,-0.7,1.0,339.,0.83,0,5,70.1,9999
2020,98,0,2.1,-0.8,1.5,349.,0.85,0,4,70.1,9999
2020,98,1,2.4,-0.7,1.6,344.,0.82,0,4,70.1,9999
2020,98,2,2.5,-0.9,1.7,341.,0.82,0,4,70.1,9999
2020,98,3,2.3,-0.6,1.4,336.,0.83,0,5,70.1,9999
2020,98,4,2.0,-0.1,1.7,332.,0.87,0,6,70.1,9999
2020,98,5,2.0,0.1,1.1,330.,0.98,0,7,70.1,9999
2020,98,6,2.0,0.7,-0.3,332.,1.26,0,7,70.1,9999
2020,98,7,1.7,-0.8,0.2,329.,1.26,0,6,70.1,9999
2020,98,8,2.3,-1.5,0.7,323.,1.12,0,5,70.1,9999
2020,98,9,2.5,-1.5,-0.3,319.,0.94,3,8,70.1,9999
2020,98,10,2.8,-1.1,0.8,314.,0.88,3,6,70.1,9999
2020,98,11,3.1,-0.6,1.4,308.,0.74,3,5,70.1,9999
2020,98,12,3.2,-1.8,-0.8,301.,0.58,0,6,70.1,9999
2020,98,13,3.6,-2.1,-1.2,302.,0.52,0,3,70.1,9999
2020,98,14,3.3,-1.8,-0.2,295.,0.66,0,3,70.1,9999
2020,98,15,3.7,-1.5,1.1,296.,0.57,3,3,70.1,9999
2020,98,16,3.4,-0.8,-1.4,302.,0.92,3,5,70.1,9999
2020,98,17,3.6,0.4,-3.2,306.,1.03,3,3,70.1,9999
2020,98,18,3.8,-0.2,-2.8,303.,0.96,20,3,70.1,9999
2020,98,19,4.6,-0.5,-2.0,300.,1.22,20,1,70.1,9999
2020,98,20,4.8,-0.5,-2.9,299.,1.50,20,3,70.1,9999
2020,98,21,5.5,-0.6,-4.0,307.,2.07,20,8,70.1,9999
2020,98,22,5.2,1.2,1.9,314.,2.51,20,6,70.1,9999
2020,98,23,4.9,0.3,-0.7,310.,2.50,20,7,70.1,9999
2020,99,0,6.0,3.4,4.8,327.,2.76,17,10,70.7,9999
2020,99,1,5.9,3.2,4.7,331.,3.55,17,16,70.7,9999
2020,99,2,7.0,3.9,3.3,341.,4.06,17,20,70.7,9999
2020,99,3,6.5,-0.9,-4.6,350.,3.98,27,11,70.7,9999
2020,99,4,6.3,6.0,1.5,346.,4.09,27,-3,70.7,9999
2020,99,5,8.8,7.9,3.3,341.,3.58,27,-4,70.7,9999
2020,99,6,8.1,5.4,3.2,357.,3.98,20,-1,70.7,9999
2020,99,7,7.1,0.5,-3.1,368.,3.00,20,-4,70.7,9999
2020,99,8,7.3,-5.3,-4.3,379.,2.46,20,-9,70.7,9999
2020,99,9,7.9,-2.0,-5.8,369.,2.33,27,-14,70.7,9999
2020,99,10,6.6,0.5,-3.3,377.,3.27,27,-15,70.7,9999
2020,99,11,7.7,2.8,-3.1,399.,3.81,27,-11,70.7,9999
2020,99,12,10.2,3.6,0.0,401.,4.13,33,-7,70.7,9999
2020,99,13,8.6,-7.2,3.3,397.,4.01,33,-6,70.7,9999
2020,99,14,10.9,-6.5,-1.7,410.,3.12,33,-11,70.7,9999
2020,99,15,9.0,-6.3,-2.8,427.,2.83,37,-16,70.7,9999
2020,99,16,8.3,-3.7,-0.8,446.,2.91,37,-21,70.7,9999
2020,99,17,5.8,1.0,-1.6,456.,2.52,37,-20,70.7,9999
2020,99,18,5.5,-2.2,1.1,466.,2.00,17,-21,70.7,9999
2020,99,19,5.3,-2.4,-0.8,484.,2.36,17,-14,70.7,9999
2020,99,20,4.2,-0.5,-2.7,474.,2.01,17,-15,70.7,9999
2020,99,21,4.5,0.5,-3.5,462.,1.65,33,-14,70.7,9999
2020,99,22,4.4,-1.8,-3.3,468.,1.40,33,-17,70.7,9999
2020,99,23,4.1,-1.5,-2.7,475.,1.31,33,-16,70.7,9999
2020,100,0,4.4,-2.4,-3.0,476.,1.22,17,-17,70.6,9999
2020,100,1,4.5,0.3,2.5,460.,1.13,17,-18,70.6,9999
2020,100,2,5.2,1.0,1.4,444.,1.00,17,-15,70.6,9999
2020,100,3,5.1,0.2,-1.3,448.,1.05,7,-14,70.6,9999
2020,100,4,4.9,-0.8,-2.2,440.,1.13,7,-11,70.6,9999
2020,100,5,4.7,-1.0,-1.2,438.,1.02,7,-11,70.6,9999
2020,100,6,5.1,-0.5,-1.0,435.,0.99,7,-13,70.6,9999
2020,100,7,5.2,-1.9,-0.4,430.,0.91,7,-13,70.6,9999
2020,100,8,4.7,-2.0,0.7,415.,0.91,7,-11,70.6,9999
2020,100,9,4.5,-2.6,0.7,411.,0.89,7,-7,70.6,9999
2020,100,10,4.6,-2.8,-0.7,407.,0.79,7,-6,70.6,9999
2020,100,11,3.8,-2.8,-1.1,402.,0.90,7,-4,70.6,9999
2020,100,12,4.0,-3.1,-2.3,396.,0.79,13,-8,70.6,9999
2020,100,13,3.7,-2.7,-1.9,389.,0.88,13,-8,70.6,9999
2020,100,14,3.6,-2.5,-1.8,382.,1.00,13,-8,70.6,9999
2020,100,15,3.7,-2.6,-0.7,379.,0.96,3,-9,70.6,9999
2020,100,16,3.3,-2.7,-1.4,377.,0.93,3,-9,70.6,9999
2020,100,17,2.8,-1.9,-0.9,375.,0.88,3,-10,70.6,9999
2020,100,18,2.7,0.2,-1.3,374.,0.82,17,-9,70.6,9999
2020,100,19,2.9,-1.3,-2.1,369.,0.72,17,-10,70.6,9999
2020,100,20,2.9,1.0,-0.5,361.,0.60,17,-9,70.6,9999
2020,100,21,2.9,-0.4,-0.3,356.,0.58,10,-8,70.6,9999
2020,100,22,2.9,-0.6,-1.2,362.,0.65,10,-6,70.6,9999
2020,100,23,3.0,-1.0,-1.9,357.,0.72,10,-6,70.6,9999
2020,101,0,3.1,-0.9,-0.8,346.,0.69,0,-5,69.5,9999
2020,101,1,3.2,-1.4,-0.7,355.,0.82,0,-4,69.5,9999
2020,101,2,3.0,-1.2,-0.7,342.,0.66,0,-2,69.5,9999
2020,101,3,3.0,0.9,-1.1,348.,0.84,7,-2,69.5,9999
2020,101,4,3.2,0.1,-1.3,336.,0.87,7,-2,69.5,9999
2020,101,5,3.6,0.4,0.8,345.,1.37,7,-3,69.5,9999
2020,101,6,4.1,-3.2,0.7,344.,1.14,10,-4,69.5,9999
2020,101,7,3.3,0.7,1.2,344.,1.27,10,-5,69.5,9999
2020,101,8,3.8,1.4,-1.7,348.,1.10,10,-3,69.5,9999
2020,101,9,2.3,1.3,0.6,349.,1.41,13,-3,69.5,9999
2020,101,10,3.8,2.7,-0.1,347.,1.31,13,1,69.5,9999
2020,101,11,4.0,2.1,0.2,355.,1.21,13,4,69.5,9999
2020,101,12,4.8,-1.7,1.1,372.,0.73,10,3,69.5,9999
2020,101,13,4.4,-2.0,-1.1,381.,1.13,10,2,69.5,9999
2020,101,14,5.4,-1.6,3.1,381.,1.25,10,2,69.5,9999
2020,101,15,5.4,-4.0,-0.6,380.,1.28,23,2,69.5,9999
2020,101,16,3.1,-0.7,-2.3,385.,1.38,23,-3,69.5,9999
2020,101,17,3.8,-1.5,-3.0,381.,1.24,23,-3,69.5,9999
2020,101,18,3.6,-2.7,-1.6,376.,1.13,10,-3,69.5,9999
2020,101,19,2.6,-1.8,-0.6,372.,1.17,10,-2,69.5,9999
2020,101,20,2.9,-1.1,-1.1,367.,1.18,10,-1,69.5,9999
2020,101,21,3.4,-1.5,1.1,366.,1.12,3,1,69.5,9999
2020,101,22,3.8,-1.8,1.2,360.,1.12,3,2,69.5,9999
2020,101,23,3.5,-2.0,0.4,350.,1.31,3,3,69.5,9999
2020,102,0,3.4,0.1,-0.2,349.,1.35,10,4,70.9,9999
2020,102,1,3.6,0.5,0.2,346.,1.26,10,5,70.9,9999
2020,102,2,3.6,1.3,-0.0,343.,1.22,10,2,70.9,9999
2020,102,3,3.1,-0.3,-2.8,353.,1.28,7,0,70.9,9999
2020,102,4,3.1,-0.9,-0.5,345.,1.19,7,0,70.9,9999
2020,102,5,3.3,-1.1,0.7,342.,1.22,7,1,70.9,9999
2020,102,6,3.7,-2.1,-0.1,346.,1.39,7,-1,70.9,9999
2020,102,7,4.2,-2.7,0.8,342.,1.32,7,-1,70.9,9999
2020,102,8,4.2,-2.4,0.6,341.,1.33,7,1,70.9,9999
2020,102,9,3.9,-3.4,1.3,350.,1.56,7,4,70.9,9999
2020,102,10,3.5,-1.8,-2.0,349.,1.78,7,3,70.9,9999
2020,102,11,3.5,-1.4,-2.0,348.,2.02,7,1,70.9,9999
2020,102,12,3.9,0.7,-2.9,350.,2.45,20,2,70.9,9999
2020,102,13,6.4,-3.5,-4.2,359.,1.53,20,-2,70.9,9999
2020,102,14,6.7,-3.1,-4.3,362.,1.69,20,-9,70.9,9999
2020,102,15,7.1,-1.5,-5.8,372.,1.47,33,-13,70.9,9999
2020,102,16,6.0,-1.6,-4.7,381.,1.59,33,-18,70.9,9999
2020,102,17,5.8,-1.2,-4.5,386.,1.87,33,-20,70.9,9999
2020,102,18,6.1,-4.1,-2.6,394.,1.79,23,-19,70.9,9999
2020,102,19,4.8,-1.5,-1.2,411.,2.25,23,-13,70.9,9999
2020,102,20,4.5,-1.5,-0.5,417.,2.34,23,-9,70.9,9999
2020,102,21,4.6,-2.4,0.5,419.,2.09,23,-7,70.9,9999
2020,102,22,5.0,-3.0,2.0,417.,1.99,23,-4,70.9,9999
2020,102,23,5.0,-1.5,2.8,407.,2.03,23,-1,70.9,9999
2020,103,0,4.7,0.1,1.1,418.,2.09,7,6,71.1,9999
2020,103,1,3.9,1.6,2.1,421.,2.25,7,8,71.1,9999
2020,103,2,4.2,0.7,2.8,422.,2.61,7,8,71.1,9999
2020,103,3,6.0,-3.5,1.3,404.,2.14,17,6,71.1,9999
2020,103,4,6.5,-4.0,-0.3,411.,2.09,17,5,71.1,9999
2020,103,5,6.6,-3.0,-2.8,434.,1.73,17,1,71.1,9999
2020,103,6,6.8,-4.8,0.2,441.,1.55,13,-3,71.1,9999
2020,103,7,6.1,-4.9,-0.9,446.,1.82,13,-5,71.1,9999
2020,103,8,5.5,-2.6,-0.8,438.,1.54,13,-6,71.1,9999
2020,103,9,5.4,-4.5,-0.2,448.,1.86,10,-5,71.1,9999
2020,103,10,5.0,-2.8,-0.9,438.,1.82,10,-4,71.1,9999
2020,103,11,4.6,-2.9,1.2,433.,1.70,10,-2,71.1,9999
2020,103,12,4.5,-0.7,-1.8,431.,1.54,23,-1,71.1,9999
2020,103,13,4.6,-1.5,-2.5,419.,1.54,23,1,71.1,9999
2020,103,14,4.5,-2.9,-2.2,401.,1.86,23,1,71.1,9999
2020,103,15,4.4,-2.2,-2.7,402.,1.97,17,-1,71.1,9999
2020,103,16,4.0,-3.3,-0.4,403.,2.06,17,-3,71.1,9999
2020,103,17,5.0,-2.8,-3.2,408.,1.90,17,-3,71.1,9999
2020,103,18,6.3,2.7,-4.0,413.,1.65,27,-7,71.1,9999
2020,103,19,3.9,-1.0,-2.4,407.,1.96,27,-5,71.1,9999
2020,103,20,3.3,-0.2,-1.4,416.,1.79,27,-7,71.1,9999
2020,103,21,3.0,0.6,-0.2,399.,1.64,13,-7,71.1,9999
2020,103,22,3.5,-0.4,0.6,395.,1.50,13,-6,71.1,9999
2020,103,23,3.5,-0.4,0.3,393.,1.40,13,-5,71.1,9999
2020,104,0,3.5,-0.1,0.1,390.,1.33,10,-5,70.7,9999
2020,104,1,3.2,0.4,0.5,392.,1.41,10,-5,70.7,9999
2020,104,2,3.9,-2.2,-1.2,404.,1.34,10,-4,70.7,9999
2020,104,3,4.2,-1.9,-0.1,407.,1.13,17,-4,70.7,9999
2020,104,4,4.3,-2.2,-0.9,408.,1.19,17,-3,70.7,9999
2020,104,5,4.4,-1.9,0.7,401.,0.92,17,-3,70.7,9999
2020,104,6,4.2,-2.4,0.6,408.,1.14,7,-3,70.7,9999
2020,104,7,4.0,-2.5,0.1,406.,1.25,7,-2,70.7,9999
2020,104,8,3.7,-1.3,-0.9,409.,1.25,7,-4,70.7,9999
2020,104,9,4.1,-1.8,-1.0,404.,1.18,7,-3,70.7,9999
2020,104,10,4.1,-1.6,-0.5,400.,1.14,7,-3,70.7,9999
2020,104,11,4.0,-1.5,-0.7,398.,1.22,7,0,70.7,9999
2020,104,12,3.0,-0.3,-1.3,395.,1.36,13,2,70.7,9999
2020,104,13,2.9,0.5,-1.2,392.,1.52,13,3,70.7,9999
2020,104,14,2.7,-0.2,-1.5,387.,1.64,13,1,70.7,9999
2020,104,15,2.7,-1.8,-0.7,377.,1.50,13,3,70.7,9999
2020,104,16,3.4,-1.6,-1.4,367.,1.30,13,3,70.7,9999
2020,104,17,3.3,-1.3,-1.4,365.,1.34,13,-1,70.7,9999
2020,104,18,3.3,-1.2,-1.1,363.,1.37,13,-2,70.7,9999
2020,104,19,3.5,-1.2,-1.1,366.,1.33,13,-2,70.7,9999
2020,104,20,3.7,-1.1,-0.7,362.,1.37,13,1,70.7,9999
2020,104,21,3.1,-1.0,-0.4,359.,1.32,13,3,70.7,9999
2020,104,22,2.7,-1.0,0.8,374.,2.29,13,3,70.7,9999
2020,104,23,4.1,-2.4,-1.9,379.,1.86,13,0,70.7,9999
2020,105,0,4.5,-2.8,-0.1,373.,1.72,23,0,69.4,9999
2020,105,1,4.4,-2.0,1.0,371.,1.49,23,3,69.4,9999
2020,105,2,3.9,-1.7,-2.9,394.,1.81,23,3,69.4,9999
2020,105,3,3.7,-1.9,-2.8,394.,1.76,33,2,69.4,9999
2020,105,4,5.6,-3.6,-3.2,410.,2.92,33,4,69.4,9999
2020,105,5,7.1,-1.7,4.3,416.,3.92,33,3,69.4,9999
2020,105,6,5.3,-2.3,-0.6,417.,4.60,23,6,69.4,9999
2020,105,7,6.9,-5.6,-0.5,395.,3.05,23,3,69.4,9999
2020,105,8,7.5,-5.8,-2.3,395.,3.11,23,1,69.4,9999
2020,105,9,6.8,-5.2,-3.2,404.,2.61,17,0,69.4,9999
2020,105,10,5.4,-3.3,0.3,408.,2.71,17,-2,69.4,9999
2020,105,11,4.8,-1.3,1.4,398.,2.49,17,0,69.4,9999
2020,105,12,4.7,-0.5,2.5,396.,2.08,7,2,69.4,9999
2020,105,13,5.1,-1.1,2.2,394.,2.05,7,2,69.4,9999
2020,105,14,4.5,-2.2,0.0,394.,1.93,7,0,69.4,9999
2020,105,15,4.6,-1.7,0.7,395.,1.67,3,-1,69.4,9999
2020,105,16,3.9,-0.1,1.2,390.,1.77,3,-1,69.4,9999
2020,105,17,3.5,2.0,1.6,386.,1.79,3,0,69.4,9999
2020,105,18,3.8,1.5,1.6,386.,1.64,3,0,69.4,9999
2020,105,19,3.9,2.2,1.0,385.,1.72,3,3,69.4,9999
2020,105,20,4.3,3.1,-0.1,390.,1.87,3,6,69.4,9999
2020,105,21,4.2,-0.3,0.5,397.,2.18,20,4,69.4,9999
2020,105,22,4.4,-0.0,-2.1,410.,2.12,20,0,69.4,9999
2020,105,23,4.3,0.9,-2.9,404.,1.86,20,-6,69.4,9999
2020,106,0,4.0,-1.9,-2.6,414.,1.90,30,-11,68.9,9999
2020,106,1,3.3,-2.5,-1.7,409.,1.88,30,-11,68.9,9999
2020,106,2,3.7,-0.5,-1.2,414.,1.81,30,-9,68.9,9999
2020,106,3,3.9,0.1,-1.9,432.,1.88,27,-8,68.9,9999
2020,106,4,3.9,-1.6,-1.7,431.,1.83,27,-11,68.9,9999
2020,106,5,3.1,-1.6,-1.2,427.,1.79,27,-16,68.9,9999
2020,106,6,3.9,-1.6,1.2,410.,1.29,17,-19,68.9,9999
2020,106,7,4.6,-2.6,0.3,399.,0.95,17,-14,68.9,9999
2020,106,8,4.4,-2.2,-0.1,402.,0.82,17,-9,68.9,9999
2020,106,9,3.7,-0.1,1.3,413.,1.18,10,-4,68.9,9999
2020,106,10,3.5,1.2,0.5,416.,1.35,10,-1,68.9,9999
2020,106,11,2.8,1.2,-0.3,417.,1.47,10,1,68.9,9999
2020,106,12,3.3,0.9,-0.4,405.,1.35,10,0,68.9,9999
2020,106,13,3.4,-0.5,-0.3,406.,1.54,10,1,68.9,9999
2020,106,14,3.3,-1.4,0.5,411.,1.76,10,1,68.9,9999
2020,106,15,4.1,-1.5,1.8,411.,1.66,7,-1,68.9,9999
2020,106,16,4.6,-2.2,1.7,405.,1.47,7,0,68.9,9999
2020,106,17,4.7,-0.1,1.9,394.,1.25,7,2,68.9,9999
2020,106,18,4.0,-0.2,2.1,400.,1.16,10,2,68.9,9999
2020,106,19,4.0,-2.4,0.7,404.,0.98,10,3,68.9,9999
2020,106,20,3.8,-2.4,-1.6,408.,0.82,10,2,68.9,9999
2020,106,21,4.0,-3.0,-1.2,413.,0.68,13,0,68.9,9999
2020,106,22,3.8,-2.2,-0.5,408.,0.72,13,-1,68.9,9999
2020,106,23,3.9,-2.2,-1.2,413.,0.69,13,0,68.9,9999
2020,107,0,3.8,-2.4,-1.9,415.,0.69,20,-2,69.0,9999
2020,107,1,3.6,-2.8,-2.1,414.,0.69,20,-3,69.0,9999
2020,107,2,3.5,-2.6,-2.2,411.,0.70,20,-5,69.0,9999
2020,107,3,3.7,-2.8,-2.1,409.,0.72,10,-6,69.0,9999
2020,107,4,4.1,-3.3,-1.5,404.,0.76,10,-8,69.0,9999
2020,107,5,4.4,-1.1,-3.1,410.,0.81,10,-10,69.0,9999
2020,107,6,3.8,-2.9,-0.1,394.,0.68,10,-14,69.0,9999
2020,107,7,3.2,-2.7,-0.9,394.,0.75,10,-11,69.0,9999
2020,107,8,3.0,-1.9,-1.3,378.,0.70,10,-8,69.0,9999
2020,107,9,3.0,-2.5,0.5,376.,0.69,3,-5,69.0,9999
2020,107,10,2.8,-2.3,-0.8,371.,0.65,3,-4,69.0,9999
2020,107,11,2.8,-2.5,-0.1,372.,0.65,3,-1,69.0,9999
2020,107,12,2.9,-2.5,-0.6,358.,0.55,3,0,69.0,9999
2020,107,13,2.9,-1.4,-1.0,355.,0.57,3,-2,69.0,9999
2020,107,14,2.6,-0.7,-1.6,356.,0.60,3,-7,69.0,9999
2020,107,15,2.9,-1.4,-1.8,345.,0.54,10,-11,69.0,9999
2020,107,16,2.7,-1.6,-2.0,343.,0.69,10,-10,69.0,9999
2020,107,17,2.7,-1.4,-1.8,344.,0.87,10,-9,69.0,9999
2020,107,18,2.2,1.5,0.8,346.,1.06,10,-4,69.0,9999
2020,107,19,2.6,1.6,0.2,348.,1.06,10,1,69.0,9999
2020,107,20,2.6,1.1,0.1,344.,0.89,10,5,69.0,9999
2020,107,21,2.5,0.1,-1.8,344.,1.02,3,3,69.0,9999
2020,107,22,2.4,-0.8,-1.6,330.,0.79,3,0,69.0,9999
2020,107,23,2.4,-0.8,-0.1,330.,0.90,3,-2,69.0,9999
2020,108,0,2.3,-0.9,0.0,324.,0.99,10,-5,68.4,9999
2020,108,1,2.4,-1.1,-0.8,306.,1.18,10,-3,68.4,9999
2020,108,2,1.9,-0.6,-0.8,302.,1.19,10,-1,68.4,9999
2020,108,3,2.2,0.1,-0.9,304.,1.25,3,1,68.4,9999
2020,108,4,2.2,-0.1,-0.0,304.,1.41,3,3,68.4,9999
2020,108,5,3.0,0.0,1.1,301.,1.46,3,4,68.4,9999
2020,108,6,3.6,1.0,2.7,307.,1.89,13,4,68.4,9999
2020,108,7,3.9,-1.1,0.6,309.,1.68,13,2,68.4,9999
2020,108,8,4.8,-3.1,-3.1,317.,1.12,13,-1,68.4,9999
2020,108,9,4.3,-2.7,-3.1,329.,1.17,10,-1,68.4,9999
2020,108,10,4.6,-3.3,-3.1,325.,1.12,10,-1,68.4,9999
2020,108,11,4.6,-4.0,-2.0,317.,1.12,10,3,68.4,9999
2020,108,12,4.2,-3.4,-2.0,313.,1.20,7,7,68.4,9999
2020,108,13,3.9,-1.6,-2.1,319.,1.69,7,6,68.4,9999
2020,108,14,4.5,-1.7,-0.9,303.,1.20,7,3,68.4,9999
2020,108,15,4.3,-1.2,0.7,295.,0.90,3,0,68.4,9999
2020,108,16,3.8,0.3,0.9,297.,0.91,3,-1,68.4,9999
2020,108,17,3.6,2.4,0.1,306.,1.32,3,2,68.4,9999
2020,108,18,3.6,0.0,0.9,291.,0.87,3,2,68.4,9999
2020,108,19,3.5,-1.0,0.0,313.,0.69,3,-1,68.4,9999
2020,108,20,3.7,-2.3,-1.8,329.,0.72,3,-2,68.4,9999
2020,108,21,3.8,-2.6,-0.8,327.,0.84,13,-2,68.4,9999
2020,108,22,4.4,1.9,-2.2,332.,1.38,13,2,68.4,9999
2020,108,23,3.0,-0.2,-1.8,330.,1.44,13,3,68.4,9999
2020,109,0,4.7,-2.2,-2.5,327.,1.21,13,0,70.4,9999
2020,109,1,5.5,-3.0,-2.4,328.,1.28,13,-3,70.4,9999
2020,109,2,5.5,-1.8,-4.6,334.,1.63,13,-7,70.4,9999
2020,109,3,6.2,-3.8,-2.5,326.,1.19,17,-10,70.4,9999
2020,109,4,5.7,-3.9,-0.2,320.,1.08,17,-6,70.4,9999
2020,109,5,5.2,-3.1,1.6,316.,1.04,17,-1,70.4,9999
2020,109,6,3.2,-0.6,-0.1,313.,1.75,13,0,70.4,9999
2020,109,7,3.8,-1.6,-1.1,313.,1.18,13,-3,70.4,9999
2020,109,8,4.4,-2.4,-3.5,320.,0.95,13,-7,70.4,9999
2020,109,9,3.9,-2.8,-1.0,317.,0.94,10,-3,70.4,9999
2020,109,10,3.8,-2.8,-1.1,321.,0.89,10,1,70.4,9999
2020,109,11,3.7,-1.8,-2.0,320.,0.96,10,2,70.4,9999
2020,109,12,3.5,-0.9,-3.1,320.,0.94,7,0,70.4,9999
2020,109,13,3.4,-0.6,-2.7,322.,0.97,7,-2,70.4,9999
2020,109,14,3.8,-0.6,-2.8,328.,0.95,7,-5,70.4,9999
2020,109,15,3.6,0.1,-2.0,329.,1.09,3,-7,70.4,9999
2020,109,16,3.5,0.2,0.2,327.,1.05,3,-8,70.4,9999
2020,109,17,3.3,-0.3,0.5,327.,1.02,3,-6,70.4,9999
2020,109,18,3.0,-1.1,0.7,327.,0.98,3,-3,70.4,9999
2020,109,19,3.0,-1.9,1.3,326.,0.89,3,0,70.4,9999
2020,109,20,3.1,-1.8,1.5,324.,0.77,3,1,70.4,9999
2020,109,21,3.3,-2.2,1.5,324.,0.73,0,0,70.4,9999
2020,109,22,3.4,-2.4,1.6,323.,0.68,0,1,70.4,9999
2020,109,23,3.1,-1.4,2.6,319.,0.76,0,3,70.4,9999
2020,110,0,2.9,-0.8,2.0,316.,0.75,0,4,69.2,9999
2020,110,1,2.9,0.7,2.4,319.,0.80,0,3,69.2,9999
2020,110,2,3.3,0.5,3.0,317.,0.74,0,4,69.2,9999
2020,110,3,3.1,2.0,2.2,318.,0.78,0,4,69.2,9999
2020,110,4,3.2,1.5,2.5,319.,0.80,0,5,69.2,9999
2020,110,5,3.1,2.5,0.2,319.,0.83,0,5,69.2,9999
2020,110,6,2.8,2.1,-0.6,318.,0.89,3,2,69.2,9999
2020,110,7,3.0,2.5,0.8,321.,0.88,3,2,69.2,9999
2020,110,8,2.9,1.0,0.3,315.,0.85,3,2,69.2,9999
2020,110,9,2.8,-1.4,0.0,311.,0.87,0,6,69.2,9999
2020,110,10,3.1,-1.8,1.3,313.,0.88,0,7,69.2,9999
2020,110,11,3.2,-2.7,-0.2,319.,0.92,0,9,69.2,9999
2020,110,12,3.2,-1.3,-2.6,319.,0.82,7,7,69.2,9999
2020,110,13,2.7,-1.2,-1.5,317.,0.76,7,6,69.2,9999
2020,110,14,2.3,-0.6,-1.2,324.,0.90,7,4,69.2,9999
2020,110,15,3.3,-2.1,-2.3,322.,0.87,3,2,69.2,9999
2020,110,16,3.7,-3.0,-2.1,316.,0.79,3,0,69.2,9999
2020,110,17,3.6,-2.9,-1.8,312.,0.72,3,-1,69.2,9999
2020,110,18,3.5,-2.8,-1.7,307.,0.60,3,-2,69.2,9999
2020,110,19,3.3,-2.6,-1.1,301.,0.48,3,-2,69.2,9999
2020,110,20,2.7,-1.9,-0.6,301.,0.70,3,0,69.2,9999
2020,110,21,2.3,-1.6,-0.1,301.,0.77,0,2,69.2,9999
2020,110,22,2.0,-0.5,0.1,299.,0.75,0,3,69.2,9999
2020,110,23,2.3,2.1,0.2,295.,0.72,0,3,69.2,9999
2020,111,0,2.4,2.2,0.3,294.,0.71,23,2,68.9,9999
2020,111,1,2.6,2.3,-0.0,291.,0.64,23,2,68.9,9999
2020,111,2,4.4,4.0,-0.0,308.,1.12,23,7,68.9,9999
2020,111,3,7.5,-4.2,-2.4,343.,2.36,30,11,68.9,9999
2020,111,4,7.0,-4.6,-1.7,346.,3.05,30,8,68.9,9999
2020,111,5,5.6,4.3,2.6,349.,5.80,30,11,68.9,9999
2020,111,6,7.6,2.5,4.9,352.,5.66,33,15,68.9,9999
2020,111,7,8.7,-5.6,-0.7,360.,7.15,33,20,68.9,9999
2020,111,8,8.0,-0.6,-3.5,371.,8.12,33,9,68.9,9999
2020,111,9,14.8,-0.7,-14.3,367.,1.45,47,-21,68.9,9999
2020,111,10,15.1,0.9,-14.4,361.,1.29,47,-39,68.9,9999
2020,111,11,15.3,7.5,-13.0,361.,1.80,47,-50,68.9,9999
2020,111,12,14.7,12.0,-6.3,365.,2.00,43,-59,68.9,9999
2020,111,13,15.7,15.4,-1.9,367.,1.27,43,-56,68.9,9999
2020,111,14,15.9,15.0,1.8,359.,1.21,43,-45,68.9,9999
2020,111,15,15.9,14.5,4.1,352.,1.12,23,-39,68.9,9999
2020,111,16,15.6,13.7,6.2,351.,1.34,23,-37,68.9,9999
2020,111,17,15.5,11.5,9.4,346.,1.73,23,-33,68.9,9999
2020,111,18,15.4,9.9,11.0,342.,1.65,3,-31,68.9,9999
2020,111,19,15.5,9.8,11.1,340.,1.40,3,-31,68.9,9999
2020,111,20,15.4,8.9,11.4,336.,1.37,3,-30,68.9,9999
2020,111,21,15.0,8.0,11.7,333.,1.78,7,-26,68.9,9999
2020,111,22,14.4,5.4,12.0,332.,2.51,7,-16,68.9,9999
2020,111,23,14.1,1.1,12.5,331.,1.90,7,-14,68.9,9999
2020,112,0,13.9,1.0,12.3,329.,1.60,13,-14,69.8,9999
2020,112,1,13.8,0.8,12.0,331.,1.91,13,-12,69.8,9999
2020,112,2,13.4,2.3,11.3,331.,1.91,13,-10,69.8,9999
2020,112,3,14.0,0.7,11.2,341.,3.91,17,-6,69.8,9999
2020,112,4,13.1,-5.4,9.4,341.,6.45,17,4,69.8,9999
2020,112,5,12.0,-7.3,6.6,343.,5.95,17,7,69.8,9999
2020,112,6,11.0,-7.5,5.3,342.,3.12,10,1,69.8,9999
2020,112,7,9.7,-6.5,4.2,349.,3.50,10,1,69.8,9999
2020,112,8,10.4,-8.3,4.0,351.,3.30,10,0,69.8,9999
2020,112,9,10.0,-8.1,3.0,349.,3.30,17,0,69.8,9999
2020,112,10,10.0,-8.7,-2.7,343.,2.98,17,-2,69.8,9999
2020,112,11,9.6,-4.9,-5.8,344.,2.66,17,-12,69.8,9999
2020,112,12,8.9,-4.1,-0.1,344.,2.29,27,-25,69.8,9999
2020,112,13,10.5,0.3,7.0,381.,1.48,27,-27,69.8,9999
2020,112,14,8.2,-6.0,1.0,402.,2.14,27,-21,69.8,9999
2020,112,15,9.3,-3.9,-2.5,402.,1.91,33,-20,69.8,9999
2020,112,16,9.7,-5.7,-5.0,389.,1.75,33,-24,69.8,9999
2020,112,17,8.5,-6.5,-2.2,370.,1.45,33,-27,69.8,9999
2020,112,18,7.1,-5.0,-3.4,392.,1.10,20,-26,69.8,9999
2020,112,19,5.8,-2.5,0.7,394.,1.27,20,-27,69.8,9999
2020,112,20,4.6,-0.8,2.1,403.,1.16,20,-28,69.8,9999
2020,112,21,3.7,1.1,-0.9,446.,1.00,23,-26,69.8,9999
2020,112,22,4.0,-1.9,-2.0,460.,0.85,23,-23,69.8,9999
2020,112,23,3.9,-0.7,-1.4,450.,0.70,23,-23,69.8,9999
2020,113,0,4.5,-3.1,-2.6,460.,0.86,30,-23,71.4,9999
2020,113,1,4.5,-1.8,-0.8,463.,0.87,30,-26,71.4,9999
2020,113,2,4.0,1.1,-1.8,490.,1.15,30,-25,71.4,9999
2020,113,3,3.4,0.9,-2.0,475.,1.05,30,-24,71.4,9999
2020,113,4,4.4,1.0,-3.5,447.,0.87,30,-24,71.4,9999
2020,113,5,3.6,1.5,0.5,445.,0.69,30,-24,71.4,9999
2020,113,6,3.2,0.3,1.1,446.,0.76,13,-23,71.4,9999
2020,113,7,3.5,-0.1,1.7,446.,0.76,13,-18,71.4,9999
2020,113,8,2.7,-1.9,-0.9,458.,1.23,13,-13,71.4,9999
2020,113,9,3.0,-1.0,1.1,457.,1.30,10,-11,71.4,9999
2020,113,10,3.5,-1.7,0.7,452.,1.33,10,-10,71.4,9999
2020,113,11,4.1,-1.8,0.4,446.,1.17,10,-5,71.4,9999
2020,113,12,4.2,-2.4,-1.0,444.,1.19,17,-2,71.4,9999
2020,113,13,3.6,-1.0,-2.5,455.,1.44,17,-4,71.4,9999
2020,113,14,3.3,-1.4,-0.3,448.,1.29,17,-6,71.4,9999
2020,113,15,2.8,-1.5,-1.0,455.,1.14,10,-7,71.4,9999
2020,113,16,2.5,0.2,0.7,450.,0.98,10,-11,71.4,9999
2020,113,17,2.4,-0.2,-1.2,442.,0.98,10,-12,71.4,9999
2020,113,18,2.5,0.4,-0.0,434.,0.88,10,-12,71.4,9999
2020,113,19,2.7,1.1,-0.6,431.,0.76,10,-13,71.4,9999
2020,113,20,2.7,0.6,-0.8,425.,0.70,10,-14,71.4,9999
2020,113,21,2.6,0.8,-0.8,416.,0.57,13,-16,71.4,9999
2020,113,22,2.9,0.9,-1.1,412.,0.45,13,-16,71.4,9999
2020,113,23,2.8,0.7,-1.7,419.,0.56,13,-13,71.4,9999
2020,114,0,2.8,0.3,-1.4,408.,0.48,7,-13,69.5,9999
2020,114,1,3.0,0.0,-0.9,401.,0.40,7,-12,69.5,9999
2020,114,2,3.2,0.6,-1.0,410.,0.52,7,-12,69.5,9999
2020,114,3,3.5,0.5,-0.7,426.,0.63,10,-12,69.5,9999
2020,114,4,3.2,0.1,-1.0,418.,0.79,10,-11,69.5,9999
2020,114,5,3.6,0.0,-0.4,426.,0.73,10,-10,69.5,9999
2020,114,6,3.6,-0.0,-0.2,428.,0.72,3,-9,69.5,9999
2020,114,7,3.6,0.7,-0.2,417.,0.81,3,-7,69.5,9999
2020,114,8,3.9,0.8,0.4,410.,0.98,3,-4,69.5,9999
2020,114,9,4.4,0.3,0.1,399.,0.99,10,-1,69.5,9999
2020,114,10,4.5,0.4,0.8,395.,0.80,10,0,69.5,9999
2020,114,11,4.3,1.4,2.0,405.,1.28,10,1,69.5,9999
2020,114,12,4.9,2.2,1.9,401.,1.06,3,2,69.5,9999
2020,114,13,4.5,2.1,1.5,401.,1.27,3,1,69.5,9999
2020,114,14,4.2,1.5,1.5,402.,1.51,3,0,69.5,9999
2020,114,15,4.3,1.5,0.9,397.,1.42,3,-1,69.5,9999
2020,114,16,4.3,1.1,0.8,396.,1.42,3,-2,69.5,9999
2020,114,17,4.2,1.2,1.6,394.,1.64,3,1,69.5,9999
2020,114,18,4.0,0.9,1.6,387.,1.79,3,5,69.5,9999
2020,114,19,3.9,1.0,1.7,383.,1.89,3,4,69.5,9999
2020,114,20,4.2,0.3,1.5,378.,1.73,3,4,69.5,9999
2020,114,21,4.8,-1.3,1.6,376.,2.31,17,7,69.5,9999
2020,114,22,6.1,-4.4,-1.8,382.,1.44,17,5,69.5,9999
2020,114,23,5.0,-3.6,-2.1,367.,2.03,17,3,69.5,9999
2020,115,0,3.8,1.1,0.0,381.,3.34,23,5,70.5,9999
2020,115,1,3.6,0.5,1.0,379.,2.69,23,6,70.5,9999
2020,115,2,4.6,-0.9,0.7,391.,1.73,23,3,70.5,9999
2020,115,3,4.8,0.8,1.3,389.,1.73,7,3,70.5,9999
2020,115,4,5.0,-0.5,2.9,376.,1.50,7,2,70.5,9999
2020,115,5,4.3,-0.1,3.3,365.,1.42,7,2,70.5,9999
2020,115,6,4.3,0.2,2.7,362.,1.22,7,-1,70.5,9999
2020,115,7,4.2,1.1,3.1,362.,1.36,7,-1,70.5,9999
2020,115,8,3.8,-0.8,1.2,367.,1.35,7,-2,70.5,9999
2020,115,9,3.5,-1.3,0.2,377.,1.45,10,0,70.5,9999
2020,115,10,2.3,-1.2,0.2,378.,1.59,10,3,70.5,9999
2020,115,11,3.2,-0.8,0.4,368.,1.31,10,6,70.5,9999
2020,115,12,3.1,-0.5,-0.5,368.,1.28,10,5,70.5,9999
2020,115,13,2.2,-0.3,-0.7,371.,1.40,10,3,70.5,9999
2020,115,14,1.9,-0.4,-0.8,369.,1.41,10,0,70.5,9999
2020,115,15,2.7,0.4,-1.2,374.,1.43,20,-1,70.5,9999
2020,115,16,4.5,2.9,1.2,387.,2.07,20,5,70.5,9999
2020,115,17,5.7,1.2,-3.6,398.,2.75,20,12,70.5,9999
2020,115,18,4.4,-1.4,-3.6,392.,2.58,23,4,70.5,9999
2020,115,19,5.2,-1.3,1.4,381.,2.16,23,-5,70.5,9999
2020,115,20,5.1,-2.2,0.2,381.,2.02,23,-4,70.5,9999
2020,115,21,5.2,-2.5,-3.2,394.,1.97,27,-6,70.5,9999
2020,115,22,5.7,-2.1,-1.1,387.,1.66,27,-12,70.5,9999
2020,115,23,4.6,-0.6,2.4,394.,1.83,27,-9,70.5,9999
2020,116,0,3.8,-1.3,0.5,388.,1.91,23,-5,69.8,9999
2020,116,1,4.5,-2.1,-3.4,396.,1.96,23,-2,69.8,9999
2020,116,2,4.8,-0.3,-0.1,394.,1.92,23,-4,69.8,9999
2020,116,3,4.9,-2.6,-0.0,406.,1.82,20,-3,69.8,9999
2020,116,4,5.2,-2.9,-1.3,401.,1.47,20,-4,69.8,9999
2020,116,5,4.1,-2.6,-1.3,412.,1.54,20,-3,69.8,9999
2020,116,6,3.9,-2.0,-0.3,418.,1.39,17,-4,69.8,9999
2020,116,7,4.2,-2.0,-0.1,418.,1.42,17,-4,69.8,9999
2020,116,8,4.1,-2.1,0.4,419.,1.56,17,-4,69.8,9999
2020,116,9,4.3,-1.2,0.8,425.,1.54,3,-2,69.8,9999
2020,116,10,4.7,2.3,0.6,415.,1.18,3,0,69.8,9999
2020,116,11,4.0,0.6,0.9,415.,1.38,3,5,69.8,9999
2020,116,12,3.6,0.7,1.2,417.,1.32,7,3,69.8,9999
2020,116,13,3.2,0.1,0.8,410.,1.35,7,1,69.8,9999
2020,116,14,4.4,0.4,1.3,414.,1.12,7,-2,69.8,9999
2020,116,15,4.5,0.4,1.4,410.,1.02,10,-4,69.8,9999
2020,116,16,4.2,-1.0,2.8,396.,1.40,10,-1,69.8,9999
2020,116,17,4.0,0.4,1.5,390.,1.26,10,0,69.8,9999
2020,116,18,3.7,-0.1,1.2,383.,1.06,0,-2,69.8,9999
2020,116,19,3.6,-0.7,0.9,385.,1.04,0,-2,69.8,9999
2020,116,20,3.7,-0.3,1.3,386.,0.95,0,1,69.8,9999
2020,116,21,3.5,-0.5,0.9,385.,0.96,0,0,69.8,9999
2020,116,22,3.5,-0.6,1.7,380.,0.98,0,1,69.8,9999
2020,116,23,3.6,0.3,1.8,374.,1.03,0,3,69.8,9999
2020,117,0,3.6,-0.6,0.8,376.,0.94,7,2,70.1,9999
2020,117,1,4.0,-2.1,-0.6,387.,1.01,7,3,70.1,9999
2020,117,2,4.2,-2.2,-0.5,386.,1.37,7,7,70.1,9999
2020,117,3,4.1,-2.6,-2.1,383.,1.47,20,5,70.1,9999
2020,117,4,4.5,-2.4,-1.8,374.,1.30,20,2,70.1,9999
2020,117,5,4.3,-2.7,-1.8,371.,1.24,20,1,70.1,9999
2020,117,6,4.3,-2.2,0.8,381.,1.17,7,-1,70.1,9999
2020,117,7,4.2,-2.4,1.0,379.,1.09,7,-2,70.1,9999
2020,117,8,4.0,-1.6,-0.7,382.,1.13,7,-3,70.1,9999
2020,117,9,3.7,-0.6,-3.4,389.,1.27,13,-4,70.1,9999
2020,117,10,3.7,-2.4,-2.3,389.,1.34,13,-9,70.1,9999
2020,117,11,3.8,-2.7,-1.8,395.,1.38,13,-9,70.1,9999
2020,117,12,4.0,-3.1,-1.9,391.,1.55,17,-6,70.1,9999
2020,117,13,4.3,-3.0,-1.3,388.,1.55,17,1,70.1,9999
2020,117,14,5.3,-0.7,-4.3,404.,2.06,17,4,70.1,9999
2020,117,15,5.0,-3.1,-3.1,402.,2.14,17,0,70.1,9999
2020,117,16,4.9,0.8,-3.4,406.,2.11,17,-5,70.1,9999
2020,117,17,4.6,-1.4,-3.7,403.,2.45,17,-7,70.1,9999
2020,117,18,4.4,-1.6,-3.4,404.,2.42,17,-8,70.1,9999
2020,117,19,4.6,-1.8,-3.5,408.,2.18,17,-13,70.1,9999
2020,117,20,5.1,-1.4,-4.0,413.,2.03,17,-17,70.1,9999
2020,117,21,4.6,-2.1,-2.8,409.,2.00,27,-23,70.1,9999
2020,117,22,4.1,-0.9,0.1,406.,1.88,27,-23,70.1,9999
2020,117,23,3.4,0.4,-0.0,411.,1.93,27,-17,70.1,9999
2020,118,0,4.6,-1.8,-0.8,413.,1.48,27,-13,69.9,9999
2020,118,1,4.4,-2.5,-2.7,424.,1.49,27,-13,69.9,9999
2020,118,2,4.1,-0.9,-2.5,425.,1.38,27,-12,69.9,9999
2020,118,3,3.3,-2.0,-1.1,419.,1.24,13,-15,69.9,9999
2020,118,4,3.1,-2.3,-0.4,398.,1.19,13,-14,69.9,9999
2020,118,5,3.9,-2.5,-0.7,384.,1.10,13,-10,69.9,9999
2020,118,6,4.0,-2.7,-1.5,383.,1.07,10,-10,69.9,9999
2020,118,7,3.9,-2.4,0.3,371.,0.85,10,-11,69.9,9999
2020,118,8,3.4,-2.0,-0.6,381.,1.11,10,-10,69.9,9999
2020,118,9,4.0,-2.5,0.8,380.,1.06,7,-8,69.9,9999
2020,118,10,4.2,-2.7,-0.2,389.,1.02,7,-6,69.9,9999
2020,118,11,4.1,-3.2,-0.6,398.,1.01,7,-3,69.9,9999
2020,118,12,4.3,-3.4,-1.5,405.,1.07,17,-3,69.9,9999
2020,118,13,3.8,-1.5,-2.9,402.,1.07,17,-4,69.9,9999
2020,118,14,3.2,-1.6,-1.4,409.,1.18,17,-3,69.9,9999
2020,118,15,3.1,-1.4,-2.0,417.,1.21,20,-6,69.9,9999
2020,118,16,3.8,-1.5,-2.9,417.,1.27,20,-10,69.9,9999
2020,118,17,4.5,-0.6,-3.4,426.,1.29,20,-11,69.9,9999
2020,118,18,4.8,-2.3,-3.5,427.,1.30,20,-14,69.9,9999
2020,118,19,4.5,-2.8,-3.2,429.,1.28,20,-19,69.9,9999
2020,118,20,4.5,-2.9,0.9,411.,0.90,20,-18,69.9,9999
2020,118,21,5.2,-3.9,2.8,404.,0.89,10,-13,69.9,9999
2020,118,22,5.8,-5.0,0.5,393.,0.90,10,-8,69.9,9999
2020,118,23,5.8,-4.0,-2.0,393.,1.11,10,-7,69.9,9999
2020,119,0,4.4,-1.6,-3.8,406.,1.52,27,-12,69.9,9999
2020,119,1,4.8,-3.1,-2.3,405.,1.46,27,-19,69.9,9999
2020,119,2,4.8,-4.0,-1.3,400.,1.45,27,-18,69.9,9999
2020,119,3,4.7,-4.1,1.0,398.,1.50,10,-13,69.9,9999
2020,119,4,4.6,-3.1,2.6,392.,1.43,10,-7,69.9,9999
2020,119,5,5.0,-1.8,0.7,385.,1.29,10,-5,69.9,9999
2020,119,6,5.1,-3.1,1.2,384.,1.34,0,-7,69.9,9999
2020,119,7,5.0,-3.9,0.0,394.,1.62,0,-7,69.9,9999
2020,119,8,4.9,-4.0,1.0,391.,1.58,0,-7,69.9,9999
2020,119,9,4.5,-3.6,-0.7,390.,1.71,13,-4,69.9,9999
2020,119,10,4.8,-2.6,1.5,379.,1.47,13,-1,69.9,9999
2020,119,11,5.2,-3.7,-1.2,389.,1.59,13,5,69.9,9999
2020,119,12,4.4,-1.6,-1.6,415.,1.73,10,4,69.9,9999
2020,119,13,4.2,-2.8,-0.9,409.,1.58,10,-1,69.9,9999
2020,119,14,4.2,-1.6,-1.6,417.,1.64,10,-5,69.9,9999
2020,119,15,5.1,-2.7,-1.4,406.,1.24,13,-8,69.9,9999
2020,119,16,5.0,-1.7,-1.3,409.,1.17,13,-9,69.9,9999
2020,119,17,4.9,-1.4,-1.5,408.,1.06,13,-9,69.9,9999
2020,119,18,3.9,-0.3,-0.8,408.,1.27,7,-8,69.9,9999
2020,119,19,3.8,-2.2,-0.6,390.,1.15,7,-7,69.9,9999
2020,119,20,3.9,-2.9,-1.0,386.,1.19,7,-5,69.9,9999
2020,119,21,3.6,-2.2,-0.9,380.,0.96,13,-6,69.9,9999
2020,119,22,3.3,-2.7,-1.0,373.,0.89,13,-6,69.9,9999
2020,119,23,3.1,-2.7,-0.5,382.,0.99,13,-6,69.9,9999
2020,120,0,3.1,-2.6,-0.8,375.,0.92,10,-5,71.0,9999
2020,120,1,3.2,-2.2,-1.0,371.,0.88,10,-4,71.0,9999
2020,120,2,3.0,-1.3,-1.9,366.,0.80,10,-4,71.0,9999
2020,120,3,2.8,-1.8,-1.8,359.,0.79,3,-5,71.0,9999
2020,120,4,2.4,-1.3,-1.0,359.,0.80,3,-5,71.0,9999
2020,120,5,2.6,-1.0,0.1,356.,0.55,3,-5,71.0,9999
2020,120,6,2.8,-0.9,0.9,354.,0.46,0,-5,71.0,9999
2020,120,7,2.7,-0.8,-0.3,347.,0.32,0,-5,71.0,9999
2020,120,8,2.6,-1.1,-1.0,347.,0.38,0,-5,71.0,9999
2020,120,9,2.8,-1.2,-0.5,347.,0.43,3,-3,71.0,9999
2020,120,10,2.8,-0.8,-0.6,346.,0.49,3,-3,71.0,9999
2020,120,11,2.8,-0.9,-1.2,345.,0.46,3,-3,71.0,9999
2020,120,12,2.3,-0.7,-0.6,348.,0.69,7,-4,71.0,9999
2020,120,13,2.7,1.1,0.6,357.,0.85,7,-3,71.0,9999
2020,120,14,2.6,0.9,0.2,358.,0.91,7,2,71.0,9999
2020,120,15,3.1,-0.2,0.0,360.,1.00,3,4,71.0,9999
2020,120,16,3.2,-1.9,-1.0,9999.,99.99,3,6,71.0,9999
2020,120,17,3.5,-2.6,-1.4,348.,1.35,3,4,71.0,9999
2020,120,18,3.7,-2.4,-1.5,344.,1.28,7,1,71.0,9999
2020,120,19,3.8,-2.1,-1.6,336.,1.24,7,0,71.0,9999
2020,120,20,3.6,-0.9,-1.5,331.,1.15,7,-1,71.0,9999
2020,120,21,3.0,-0.9,-1.3,329.,1.13,3,-4,71.0,9999
2020,120,22,2.9,-1.3,-1.4,323.,0.98,3,-6,71.0,9999
2020,120,23,3.0,-1.1,-1.8,319.,0.82,3,-5,71.0,9999
2020,121,0,2.7,-1.3,-1.7,316.,0.88,10,-2,70.9,9999
2020,121,1,2.7,-0.6,-1.7,314.,0.94,10,1,70.9,9999
2020,121,2,2.6,-1.8,-1.4,305.,0.79,10,2,70.9,9999
2020,121,3,2.5,-1.5,-1.4,298.,0.68,3,0,70.9,9999
2020,121,4,2.3,-0.7,-1.7,298.,0.70,3,0,70.9,9999
2020,121,5,2.4,-1.1,-1.5,298.,0.77,3,0,70.9,9999
2020,121,6,1.8,-0.8,-1.2,298.,0.82,3,-1,70.9,9999
2020,121,7,2.3,0.4,-1.8,295.,0.63,3,-3,70.9,9999
2020,121,8,2.7,0.3,-1.5,288.,0.57,3,-5,70.9,9999
2020,121,9,3.1,0.2,-1.3,286.,0.47,3,-4,70.9,9999
2020,121,10,3.1,-0.4,-1.4,285.,0.47,3,-1,70.9,9999
2020,121,11,2.9,0.7,-0.3,280.,0.52,3,2,70.9,9999
2020,121,12,2.8,0.6,0.2,278.,0.51,0,1,70.9,9999
2020,121,13,2.9,-0.0,0.8,279.,0.48,0,3,70.9,9999
2020,121,14,3.0,-0.1,1.2,281.,0.54,0,4,70.9,9999
2020,121,15,3.5,-1.0,1.6,290.,0.77,0,7,70.9,9999
2020,121,16,3.8,0.4,2.0,290.,0.78,0,7,70.9,9999
2020,121,17,4.0,0.5,1.7,290.,0.86,0,5,70.9,9999
2020,121,18,4.1,1.2,1.3,289.,0.90,0,6,70.9,9999
2020,121,19,4.5,1.0,1.0,283.,0.83,0,7,70.9,9999
2020,121,20,4.7,0.9,1.2,276.,0.72,0,8,70.9,9999
2020,121,21,5.0,1.1,0.9,275.,0.69,0,8,70.9,9999
2020,121,22,5.2,1.7,0.7,276.,0.79,0,7,70.9,9999
2020,121,23,4.3,-0.9,-0.0,275.,0.75,0,6,70.9,9999
2020,122,0,3.7,-2.4,0.4,286.,1.08,3,2,71.3,9999
2020,122,1,3.1,-1.4,1.6,292.,1.50,3,4,71.3,9999
2020,122,2,3.6,-1.5,2.4,294.,1.40,3,2,71.3,9999
2020,122,3,4.1,-2.6,2.1,294.,1.26,13,1,71.3,9999
2020,122,4,4.2,-0.5,0.2,301.,1.37,13,4,71.3,9999
2020,122,5,5.5,3.9,-2.8,317.,1.71,13,1,71.3,9999
2020,122,6,5.7,2.5,-4.6,317.,1.73,20,-3,71.3,9999
2020,122,7,6.1,0.5,-5.9,313.,1.59,20,-12,71.3,9999
2020,122,8,5.1,2.1,-3.1,303.,1.64,20,-19,71.3,9999
2020,122,9,4.8,1.3,-1.9,296.,1.69,13,-20,71.3,9999
2020,122,10,5.8,3.3,-0.8,307.,2.79,13,-8,71.3,9999
2020,122,11,7.2,4.7,-4.7,309.,3.20,13,-3,71.3,9999
2020,122,12,6.0,4.0,-3.1,312.,2.83,17,-7,71.3,9999
2020,122,13,4.8,-0.3,-3.7,312.,2.34,17,-13,71.3,9999
2020,122,14,3.6,1.0,1.7,308.,2.15,17,-16,71.3,9999
2020,122,15,4.8,-3.4,2.5,305.,1.53,10,-16,71.3,9999
2020,122,16,5.0,3.1,1.4,299.,1.43,10,-15,71.3,9999
2020,122,17,4.9,3.9,0.9,294.,1.32,10,-14,71.3,9999
2020,122,18,4.6,3.2,2.1,290.,1.08,3,-16,71.3,9999
2020,122,19,4.8,3.1,2.4,291.,0.98,3,-12,71.3,9999
2020,122,20,5.0,2.6,1.3,289.,1.00,3,-9,71.3,9999
2020,122,21,5.8,0.7,4.2,299.,1.25,7,-4,71.3,9999
2020,122,22,5.5,0.5,3.1,305.,1.34,7,-4,71.3,9999
2020,122,23,5.6,-1.8,2.1,326.,1.45,7,-4,71.3,9999
2020,123,0,5.3,2.2,4.6,314.,1.60,0,-3,70.3,9999
2020,123,1,5.5,2.3,3.4,318.,1.64,0,-2,70.3,9999
2020,123,2,4.3,0.5,-1.4,324.,1.74,0,-3,70.3,9999
2020,123,3,3.9,-1.1,-2.0,329.,1.63,17,-6,70.3,9999
2020,123,4,4.1,-0.5,-2.3,332.,1.46,17,-7,70.3,9999
2020,123,5,5.1,-2.4,-3.6,332.,1.43,17,-8,70.3,9999
2020,123,6,4.1,-2.3,-2.5,328.,1.28,17,-12,70.3,9999
2020,123,7,4.0,-2.8,-1.5,318.,0.97,17,-13,70.3,9999
2020,123,8,4.3,-2.3,-1.8,320.,0.76,17,-13,70.3,9999
2020,123,9,4.5,-1.9,1.9,335.,0.48,13,-15,70.3,9999
2020,123,10,4.1,-0.5,-3.9,332.,0.63,13,-11,70.3,9999
2020,123,11,5.6,-1.9,-3.9,323.,0.64,13,-14,70.3,9999
2020,123,12,7.1,-3.5,-1.5,319.,0.63,10,-19,70.3,9999
2020,123,13,6.7,-4.8,1.7,318.,0.55,10,-20,70.3,9999
2020,123,14,5.8,-4.3,2.6,317.,0.53,10,-18,70.3,9999
2020,123,15,5.1,-3.8,1.7,316.,0.50,10,-14,70.3,9999
2020,123,16,3.3,-2.1,-0.6,325.,1.01,10,-11,70.3,9999
2020,123,17,2.9,-1.4,-0.4,320.,0.92,10,-13,70.3,9999
2020,123,18,2.8,-1.1,0.2,332.,0.96,7,-12,70.3,9999
2020,123,19,2.8,-1.4,-2.0,340.,1.10,7,-9,70.3,9999
2020,123,20,1.5,-0.1,-0.7,323.,1.02,7,-10,70.3,9999
2020,123,21,1.9,0.1,-1.2,325.,1.04,10,-5,70.3,9999
2020,123,22,1.8,0.6,-1.4,328.,1.07,10,-2,70.3,9999
2020,123,23,3.1,-1.7,-1.2,332.,1.27,10,1,70.3,9999
2020,124,0,3.5,-1.4,-1.4,332.,1.53,3,3,69.8,9999
2020,124,1,3.3,-1.6,-1.3,335.,1.59,3,2,69.8,9999
2020,124,2,3.6,-1.8,-1.3,331.,1.41,3,-1,69.8,9999
2020,124,3,3.7,-2.1,-1.3,328.,1.29,13,-4,69.8,9999
2020,124,4,3.8,-3.1,-1.7,327.,1.67,13,-6,69.8,9999
2020,124,5,4.2,-1.9,0.9,323.,1.22,13,-8,69.8,9999
2020,124,6,3.9,-1.3,1.2,323.,1.61,3,-7,69.8,9999
2020,124,7,3.9,-2.2,0.7,320.,1.71,3,-3,69.8,9999
2020,124,8,3.9,-1.1,0.6,320.,1.65,3,-1,69.8,9999
2020,124,9,3.4,-0.7,0.4,316.,1.67,3,-2,69.8,9999
2020,124,10,3.0,-0.3,-0.2,316.,1.81,3,-1,69.8,9999
2020,124,11,3.3,0.4,0.8,311.,1.56,3,-3,69.8,9999
2020,124,12,2.8,0.8,-0.3,297.,1.29,7,-4,69.8,9999
2020,124,13,2.6,0.7,-0.8,284.,1.16,7,-5,69.8,9999
2020,124,14,2.1,0.6,0.3,290.,1.30,7,-4,69.8,9999
2020,124,15,2.2,1.3,-0.2,292.,1.27,3,-3,69.8,9999
2020,124,16,2.0,-0.9,0.1,295.,1.34,3,-1,69.8,9999
2020,124,17,2.3,-1.2,0.1,291.,1.31,3,-3,69.8,9999
2020,124,18,2.7,-1.6,0.5,297.,1.94,17,-1,69.8,9999
2020,124,19,3.0,0.8,-1.0,304.,3.15,17,3,69.8,9999
2020,124,20,5.9,4.9,-0.5,317.,3.76,17,5,69.8,9999
2020,124,21,6.2,4.7,-2.3,313.,4.27,27,7,69.8,9999
2020,124,22,8.5,7.8,1.7,312.,2.27,27,2,69.8,9999
2020,124,23,7.2,6.0,-0.6,315.,2.46,27,5,69.8,9999
2020,125,0,4.8,-0.9,-4.0,308.,2.35,17,3,70.5,9999
2020,125,1,4.4,2.9,1.6,307.,1.85,17,-2,70.5,9999
2020,125,2,3.8,2.9,-1.0,313.,1.96,17,-2,70.5,9999
2020,125,3,4.4,3.4,1.5,313.,1.57,13,-6,70.5,9999
2020,125,4,4.5,3.3,2.5,301.,1.39,13,-6,70.5,9999
2020,125,5,5.1,3.0,0.3,315.,1.60,13,-3,70.5,9999
2020,125,6,5.2,3.1,1.7,322.,1.87,7,-3,70.5,9999
2020,125,7,4.5,3.3,2.2,324.,2.17,7,0,70.5,9999
2020,125,8,4.7,-3.0,-1.2,326.,1.86,7,0,70.5,9999
2020,125,9,3.8,1.0,-1.5,328.,1.92,13,-3,70.5,9999
2020,125,10,4.1,3.5,0.8,330.,1.82,13,-4,70.5,9999
2020,125,11,5.3,4.8,1.7,325.,1.55,13,-3,70.5,9999
2020,125,12,4.8,-1.2,-2.4,334.,1.73,20,-3,70.5,9999
2020,125,13,5.1,-3.9,-2.1,329.,1.43,20,-5,70.5,9999
2020,125,14,5.3,-3.5,-0.6,320.,1.11,20,-6,70.5,9999
2020,125,15,6.1,-2.7,2.7,322.,0.62,13,-9,70.5,9999
2020,125,16,5.5,-2.9,1.8,319.,0.66,13,-7,70.5,9999
2020,125,17,4.4,-3.9,-0.7,318.,0.92,13,-6,70.5,9999
2020,125,18,2.8,-0.7,1.1,322.,1.03,3,-8,70.5,9999
2020,125,19,3.4,-0.1,2.8,322.,0.96,3,-9,70.5,9999
2020,125,20,2.5,-1.8,-1.2,333.,1.10,3,-7,70.5,9999
2020,125,21,3.4,-1.6,-1.6,324.,0.64,10,-6,70.5,9999
2020,125,22,3.0,-1.3,-2.3,329.,1.02,10,-3,70.5,9999
2020,125,23,3.1,-1.5,-2.5,334.,0.97,10,-3,70.5,9999
2020,126,0,2.3,-1.3,-1.6,335.,1.01,13,-3,70.5,9999
2020,126,1,2.9,-1.7,-1.9,327.,0.92,13,-4,70.5,9999
2020,126,2,3.5,-1.3,-3.0,329.,1.02,13,-5,70.5,9999
2020,126,3,3.9,-2.1,-2.4,327.,1.11,13,-6,70.5,9999
2020,126,4,4.6,-2.1,-1.6,315.,0.89,13,-9,70.5,9999
2020,126,5,4.9,-2.0,-0.9,311.,0.70,13,-11,70.5,9999
2020,126,6,4.5,-2.2,-1.0,312.,0.69,10,-9,70.5,9999
2020,126,7,4.7,-1.2,-3.2,310.,0.86,10,-9,70.5,9999
2020,126,8,5.3,-1.8,-0.6,304.,0.79,10,-11,70.5,9999
2020,126,9,5.0,-0.9,1.7,300.,1.03,13,-7,70.5,9999
2020,126,10,5.5,-2.8,1.0,303.,0.68,13,-6,70.5,9999
2020,126,11,4.8,-2.8,1.0,303.,0.90,13,-6,70.5,9999
2020,126,12,4.0,-2.3,1.3,303.,1.21,7,-3,70.5,9999
2020,126,13,3.9,-3.1,-1.0,304.,1.33,7,-1,70.5,9999
2020,126,14,5.7,1.4,-3.4,318.,0.95,7,-5,70.5,9999
2020,126,15,5.6,-1.0,-4.4,316.,1.00,20,-7,70.5,9999
2020,126,16,5.2,-0.2,-4.2,328.,1.58,20,-8,70.5,9999
2020,126,17,5.5,-0.1,-4.3,329.,2.14,20,-11,70.5,9999
2020,126,18,5.3,-0.5,-4.5,332.,2.14,17,-16,70.5,9999
2020,126,19,4.9,-1.9,-4.2,332.,2.05,17,-19,70.5,9999
2020,126,20,5.1,-1.6,-4.2,332.,1.75,17,-24,70.5,9999
2020,126,21,5.1,-2.2,-2.8,320.,1.65,20,-25,70.5,9999
2020,126,22,5.1,-2.4,-3.9,325.,1.61,20,-24,70.5,9999
2020,126,23,5.5,-4.3,-2.5,326.,1.77,20,-21,70.5,9999
2020,127,0,7.5,-4.1,-3.9,329.,1.83,33,-17,71.1,9999
2020,127,1,6.9,-3.9,-2.2,318.,1.45,33,-18,71.1,9999
2020,127,2,7.1,-1.8,-5.2,334.,0.98,33,-17,71.1,9999
2020,127,3,7.2,-3.6,-5.8,330.,0.83,23,-22,71.1,9999
2020,127,4,6.5,-5.4,-3.3,314.,0.93,23,-25,71.1,9999
2020,127,5,6.2,-5.8,-0.9,302.,0.73,23,-24,71.1,9999
2020,127,6,5.5,-4.4,-1.2,302.,0.93,0,-18,71.1,9999
2020,127,7,5.2,-4.2,0.2,294.,0.78,0,-15,71.1,9999
2020,127,8,5.2,-2.3,2.0,293.,0.62,0,-14,71.1,9999
2020,127,9,5.3,-3.2,1.7,294.,0.62,3,-14,71.1,9999
2020,127,10,4.5,-3.1,0.2,314.,0.58,3,-12,71.1,9999
2020,127,11,3.9,-3.1,-0.5,327.,0.67,3,-12,71.1,9999
2020,127,12,3.9,-3.4,-1.4,325.,0.61,7,-13,71.1,9999
2020,127,13,4.1,-3.5,-1.6,323.,0.48,7,-14,71.1,9999
2020,127,14,3.9,-3.4,-1.7,318.,0.50,7,-17,71.1,9999
2020,127,15,3.8,-3.4,-1.7,321.,0.44,3,-19,71.1,9999
2020,127,16,3.8,-3.2,-1.6,312.,0.35,3,-20,71.1,9999
2020,127,17,4.1,-3.5,-1.9,309.,0.32,3,-21,71.1,9999
2020,127,18,4.1,-3.0,-2.6,307.,0.43,7,-23,71.1,9999
2020,127,19,3.6,-2.4,-1.5,303.,0.54,7,-23,71.1,9999
2020,127,20,3.3,-1.4,-2.0,297.,0.75,7,-23,71.1,9999
2020,127,21,3.6,-1.8,-1.3,297.,0.95,3,-21,71.1,9999
2020,127,22,3.9,-2.6,-1.4,298.,0.89,3,-19,71.1,9999
2020,127,23,3.9,-2.4,-1.1,296.,0.71,3,-17,71.1,9999
2020,128,0,3.8,-2.9,-1.5,295.,0.73,3,-15,70.0,9999
2020,128,1,3.6,-2.6,-0.9,299.,0.76,3,-12,70.0,9999
2020,128,2,3.3,-2.1,-1.4,306.,0.89,3,-9,70.0,9999
2020,128,3,3.0,-2.0,-1.9,308.,1.05,10,-8,70.0,9999
2020,128,4,4.1,-2.8,-0.2,308.,0.81,10,-8,70.0,9999
2020,128,5,4.2,-0.4,-3.5,315.,0.93,10,-8,70.0,9999
2020,128,6,4.5,-2.1,-2.4,318.,1.09,13,-10,70.0,9999
2020,128,7,4.4,-2.0,-1.2,311.,1.02,13,-12,70.0,9999
2020,128,8,4.3,-2.8,2.3,320.,1.26,13,-9,70.0,9999
2020,128,9,4.5,-3.4,-1.5,319.,1.24,10,-7,70.0,9999
2020,128,10,5.2,-3.1,-4.0,323.,1.19,10,-9,70.0,9999
2020,128,11,5.1,-3.4,-3.3,321.,1.27,10,-13,70.0,9999
2020,128,12,4.6,-2.7,-1.4,328.,1.38,10,-16,70.0,9999
2020,128,13,3.5,2.7,0.9,337.,1.67,10,-14,70.0,9999
2020,128,14,3.3,2.5,-1.0,337.,1.67,10,-9,70.0,9999
2020,128,15,2.8,1.4,-1.3,336.,1.65,3,-7,70.0,9999
2020,128,16,3.2,-1.5,-1.7,337.,1.65,3,-7,70.0,9999
2020,128,17,3.2,1.3,-1.0,333.,1.65,3,-9,70.0,9999
2020,128,18,3.2,0.8,2.5,332.,1.63,3,-10,70.0,9999
2020,128,19,3.3,0.6,2.1,330.,1.56,3,-7,70.0,9999
2020,128,20,3.3,0.8,0.2,329.,1.46,3,-7,70.0,9999
2020,128,21,3.2,-1.2,0.1,328.,1.42,3,-7,70.0,9999
2020,128,22,3.2,0.0,0.9,328.,1.37,3,-8,70.0,9999
2020,128,23,3.3,0.1,-0.6,324.,1.37,3,-7,70.0,9999
2020,129,0,3.1,0.8,-0.8,324.,1.40,10,-7,69.2,9999
2020,129,1,3.2,0.1,0.1,332.,1.45,10,-8,69.2,9999
2020,129,2,3.6,-0.7,2.3,334.,1.52,10,-5,69.2,9999
2020,129,3,3.5,-0.2,1.0,331.,1.58,3,-3,69.2,9999
2020,129,4,3.6,-1.3,0.9,335.,1.73,3,0,69.2,9999
2020,129,5,4.1,-1.3,-0.2,335.,1.91,3,2,69.2,9999
2020,129,6,4.1,-1.3,0.2,332.,1.90,7,1,69.2,9999
2020,129,7,4.1,-1.6,0.2,332.,1.90,7,1,69.2,9999
2020,129,8,4.0,-0.6,0.6,335.,2.09,7,2,69.2,9999
2020,129,9,3.9,3.3,-0.4,344.,2.08,7,1,69.2,9999
2020,129,10,3.9,2.0,-0.1,347.,2.22,7,1,69.2,9999
2020,129,11,3.8,3.1,0.2,342.,2.28,7,0,69.2,9999
2020,129,12,4.0,3.5,-0.1,344.,2.28,13,-2,69.2,9999
2020,129,13,4.0,2.7,-0.3,344.,2.14,13,-2,69.2,9999
2020,129,14,3.9,1.8,3.0,337.,1.77,13,-4,69.2,9999
2020,129,15,4.2,2.2,3.0,333.,1.38,0,-4,69.2,9999
2020,129,16,4.6,3.5,2.6,325.,1.10,0,-4,69.2,9999
2020,129,17,3.6,2.1,2.2,326.,1.24,0,-4,69.2,9999
2020,129,18,3.5,2.5,0.6,328.,1.25,3,-4,69.2,9999
2020,129,19,3.0,2.2,0.4,329.,1.29,3,-1,69.2,9999
2020,129,20,3.3,-0.8,0.6,327.,1.25,3,1,69.2,9999
2020,129,21,4.0,-1.0,-1.8,333.,1.15,10,2,69.2,9999
2020,129,22,3.7,0.0,-3.3,337.,1.09,10,-3,69.2,9999
2020,129,23,3.2,0.5,-2.0,336.,1.07,10,-8,69.2,9999
2020,130,0,3.3,0.7,-0.3,329.,0.84,7,-13,72.4,9999
2020,130,1,3.0,0.7,0.6,327.,0.85,7,-9,72.4,9999
2020,130,2,3.1,0.1,2.0,325.,0.87,7,-6,72.4,9999
2020,130,3,3.3,2.0,0.8,325.,0.92,0,-5,72.4,9999
2020,130,4,3.2,0.9,1.6,319.,0.58,0,-6,72.4,9999
2020,130,5,3.2,1.4,1.6,318.,0.53,0,-6,72.4,9999
2020,130,6,3.2,2.3,0.7,316.,0.68,0,-4,72.4,9999
2020,130,7,3.0,1.9,1.3,313.,0.80,0,-3,72.4,9999
2020,130,8,3.2,0.5,2.1,312.,0.81,0,-4,72.4,9999
2020,130,9,3.7,2.0,2.4,314.,0.87,3,-5,72.4,9999
2020,130,10,4.3,3.9,1.3,318.,0.89,3,-3,72.4,9999
2020,130,11,4.0,3.5,-0.3,319.,1.00,3,-2,72.4,9999
2020,130,12,4.0,3.8,0.9,318.,1.04,3,-3,72.4,9999
2020,130,13,3.8,3.2,1.4,320.,1.06,3,0,72.4,9999
2020,130,14,3.8,2.8,1.5,319.,1.06,3,2,72.4,9999
2020,130,15,3.7,2.9,1.6,312.,1.02,3,2,72.4,9999
2020,130,16,4.0,3.6,-0.4,310.,0.94,3,3,72.4,9999
2020,130,17,3.8,3.5,0.8,314.,1.09,3,3,72.4,9999
2020,130,18,3.9,3.1,1.4,306.,0.99,3,2,72.4,9999
2020,130,19,4.0,3.2,1.0,305.,1.01,3,1,72.4,9999
2020,130,20,4.1,2.2,2.1,297.,0.87,3,-1,72.4,9999
2020,130,21,3.5,2.7,1.8,307.,1.12,0,2,72.4,9999
2020,130,22,3.9,3.1,1.8,312.,1.26,0,4,72.4,9999
2020,130,23,4.0,2.8,1.8,309.,1.24,0,5,72.4,9999
2020,131,0,3.4,1.4,1.0,312.,1.45,3,3,69.3,9999
2020,131,1,4.7,2.8,2.1,310.,0.91,3,1,69.3,9999
2020,131,2,4.7,2.4,2.0,307.,0.85,3,1,69.3,9999
2020,131,3,4.5,1.7,2.4,306.,0.90,0,1,69.3,9999
2020,131,4,4.0,0.8,2.4,304.,1.02,0,3,69.3,9999
2020,131,5,4.0,0.8,1.1,308.,1.24,0,4,69.3,9999
2020,131,6,4.1,1.3,0.6,303.,1.13,0,3,69.3,9999
2020,131,7,4.0,1.6,0.2,301.,1.09,0,2,69.3,9999
2020,131,8,3.7,2.3,0.6,298.,1.15,0,1,69.3,9999
2020,131,9,3.5,2.7,0.3,296.,1.19,3,0,69.3,9999
2020,131,10,3.7,2.3,0.5,294.,1.10,3,0,69.3,9999
2020,131,11,3.8,2.3,1.0,295.,1.09,3,0,69.3,9999
2020,131,12,3.5,1.2,0.9,299.,1.23,3,-2,69.3,9999
2020,131,13,4.3,1.9,0.8,291.,0.98,3,-3,69.3,9999
2020,131,14,4.6,3.3,0.5,298.,1.23,3,2,69.3,9999
2020,131,15,5.2,4.1,-0.1,314.,2.02,10,10,69.3,9999
2020,131,16,2.8,2.3,-0.3,323.,3.29,10,16,69.3,9999
2020,131,17,2.6,0.3,0.4,322.,3.45,10,16,69.3,9999
2020,131,18,4.6,2.6,2.4,323.,3.46,17,16,69.3,9999
2020,131,19,3.5,0.0,3.1,326.,3.48,17,15,69.3,9999
2020,131,20,3.1,1.5,0.6,323.,3.83,17,18,69.3,9999
2020,131,21,5.5,-0.4,-4.8,321.,2.47,23,13,69.3,9999
2020,131,22,5.1,-1.4,-3.3,312.,1.66,23,4,69.3,9999
2020,131,23,4.4,-0.3,-4.0,313.,1.39,23,-1,69.3,9999
2020,132,0,4.4,-0.7,-4.0,325.,1.38,13,-6,67.5,9999
2020,132,1,4.2,-2.1,-3.2,322.,1.49,13,-12,67.5,9999
2020,132,2,3.9,-2.4,-2.1,327.,1.80,13,-14,67.5,9999
2020,132,3,4.6,-0.8,-4.0,334.,1.85,17,-12,67.5,9999
2020,132,4,5.0,-3.5,-0.7,324.,1.15,17,-15,67.5,9999
2020,132,5,4.1,-2.2,1.1,335.,1.07,17,-12,67.5,9999
2020,132,6,3.5,-1.3,0.5,348.,1.11,17,-8,67.5,9999
2020,132,7,3.5,1.7,-2.5,347.,1.30,17,-6,67.5,9999
2020,132,8,4.2,-1.4,-2.4,343.,1.27,17,-9,67.5,9999
2020,132,9,3.4,-2.6,-0.3,342.,1.24,13,-11,67.5,9999
2020,132,10,3.1,-0.3,-1.1,339.,1.11,13,-10,67.5,9999
2020,132,11,2.7,-1.8,1.0,336.,1.00,13,-8,67.5,9999
2020,132,12,2.0,-1.0,1.1,336.,1.02,3,-7,67.5,9999
2020,132,13,2.1,-0.3,0.4,326.,0.98,3,-8,67.5,9999
2020,132,14,1.9,-0.3,0.9,327.,0.96,3,-8,67.5,9999
2020,132,15,1.9,-1.1,0.3,326.,1.01,3,-6,67.5,9999
2020,132,16,1.8,-0.9,0.5,327.,1.05,3,-5,67.5,9999
2020,132,17,1.3,0.3,0.4,329.,1.10,3,-4,67.5,9999
2020,132,18,1.6,-0.8,-1.0,327.,1.07,3,-4,67.5,9999
2020,132,19,2.8,-2.0,-1.7,322.,0.93,3,-6,67.5,9999
2020,132,20,2.9,-2.3,-1.5,320.,0.86,3,-8,67.5,9999
2020,132,21,2.4,-2.0,-1.1,320.,1.01,7,-5,67.5,9999
2020,132,22,2.3,-1.7,-1.0,320.,1.15,7,-1,67.5,9999
2020,132,23,2.3,-1.0,-1.9,321.,1.27,7,1,67.5,9999
2020,133,0,1.9,-0.9,-1.6,322.,1.38,7,1,70.3,9999
2020,133,1,1.9,-0.6,-1.5,323.,1.62,7,1,70.3,9999
2020,133,2,2.1,0.2,-0.7,323.,2.06,7,3,70.3,9999
2020,133,3,1.9,-0.7,-1.3,319.,2.39,3,6,70.3,9999
2020,133,4,1.4,-0.1,-1.1,318.,2.75,3,8,70.3,9999
2020,133,5,1.3,0.5,0.0,313.,2.68,3,6,70.3,9999
2020,133,6,1.5,1.2,0.3,311.,2.35,7,5,70.3,9999
2020,133,7,1.1,0.7,0.0,308.,2.45,7,6,70.3,9999
2020,133,8,1.5,0.6,0.2,310.,2.50,7,7,70.3,9999
2020,133,9,2.6,-1.3,-1.2,314.,2.44,3,5,70.3,9999
2020,133,10,2.8,-0.2,1.7,311.,2.20,3,3,70.3,9999
2020,133,11,2.6,0.1,1.7,305.,1.83,3,1,70.3,9999
2020,133,12,2.6,0.3,1.5,303.,1.57,7,0,70.3,9999
2020,133,13,2.2,-0.7,0.7,299.,1.45,7,-1,70.3,9999
2020,133,14,2.4,-1.2,-1.8,303.,1.32,7,0,70.3,9999
2020,133,15,2.9,-1.5,-2.3,302.,1.10,3,-2,70.3,9999
2020,133,16,3.1,-1.6,-2.4,305.,1.17,3,-4,70.3,9999
2020,133,17,3.0,-0.9,-2.6,307.,1.27,3,-4,70.3,9999
2020,133,18,3.0,-1.2,-2.5,308.,1.29,3,-4,70.3,9999
2020,133,19,2.8,-0.8,-2.5,311.,1.38,3,-2,70.3,9999
2020,133,20,2.3,0.3,-1.9,308.,1.48,3,-1,70.3,9999
2020,133,21,2.1,0.8,-1.2,314.,1.91,23,2,70.3,9999
2020,133,22,3.7,0.6,-2.2,314.,1.16,23,0,70.3,9999
2020,133,23,4.1,1.1,-1.7,314.,1.15,23,-2,70.3,9999
2020,134,0,2.4,1.3,0.9,315.,1.44,13,-2,70.2,9999
2020,134,1,3.1,-1.2,-1.8,316.,1.52,13,-1,70.2,9999
2020,134,2,3.4,-2.3,-2.0,315.,1.66,13,-1,70.2,9999
2020,134,3,3.3,-2.3,-0.6,315.,1.97,3,-3,70.2,9999
2020,134,4,2.3,-1.0,0.7,314.,2.25,3,-1,70.2,9999
2020,134,5,2.3,-0.0,0.9,309.,2.16,3,1,70.2,9999
2020,134,6,2.0,0.2,1.0,311.,2.34,0,4,70.2,9999
2020,134,7,2.8,-1.2,0.8,316.,2.40,0,7,70.2,9999
2020,134,8,3.2,-1.9,-1.6,323.,2.20,0,7,70.2,9999
2020,134,9,2.9,-0.9,-1.7,315.,1.94,7,4,70.2,9999
2020,134,10,2.6,-0.9,-2.2,312.,2.09,7,3,70.2,9999
2020,134,11,2.4,-0.1,-0.1,314.,2.17,7,2,70.2,9999
2020,134,12,2.3,1.8,0.5,310.,2.01,7,3,70.2,9999
2020,134,13,2.6,1.2,-2.2,307.,1.86,7,2,70.2,9999
2020,134,14,3.7,0.1,-3.2,305.,1.50,7,0,70.2,9999
2020,134,15,3.5,-1.7,-2.4,304.,1.57,10,-1,70.2,9999
2020,134,16,2.4,-0.6,-1.6,303.,1.98,10,-1,70.2,9999
2020,134,17,2.8,-0.6,-0.3,299.,1.87,10,-4,70.2,9999
2020,134,18,2.1,-1.3,-0.5,301.,1.91,3,-5,70.2,9999
2020,134,19,2.0,-1.2,-1.5,299.,1.87,3,-3,70.2,9999
2020,134,20,1.9,-0.1,-1.6,294.,1.74,3,-3,70.2,9999
2020,134,21,2.2,-0.3,-1.7,290.,1.66,13,-1,70.2,9999
2020,134,22,2.0,-0.6,-1.6,289.,1.69,13,1,70.2,9999
2020,134,23,2.2,-1.2,-0.8,293.,1.68,13,3,70.2,9999
2020,135,0,2.8,-1.7,-1.4,300.,1.86,3,6,69.0,9999
2020,135,1,2.5,-1.5,0.0,306.,2.16,3,4,69.0,9999
2020,135,2,2.3,-1.1,0.4,304.,2.17,3,4,69.0,9999
2020,135,3,2.5,-1.0,0.7,300.,1.94,3,5,69.0,9999
2020,135,4,2.9,-1.3,0.4,300.,1.78,3,5,69.0,9999
2020,135,5,2.5,-1.0,0.8,299.,1.93,3,6,69.0,9999
2020,135,6,2.6,-0.6,0.8,299.,2.06,3,7,69.0,9999
2020,135,7,2.1,-1.1,-0.1,298.,2.09,3,6,69.0,9999
2020,135,8,2.0,0.4,-0.5,302.,2.24,3,6,69.0,9999
2020,135,9,1.5,0.2,-0.5,303.,2.28,3,6,69.0,9999
2020,135,10,1.6,0.4,0.4,299.,2.09,3,3,69.0,9999
2020,135,11,1.5,-0.2,0.1,297.,1.98,3,4,69.0,9999
2020,135,12,1.3,-0.9,-0.3,297.,2.07,3,5,69.0,9999
2020,135,13,1.5,-1.1,-0.3,295.,2.14,3,6,69.0,9999
2020,135,14,1.5,-1.2,0.1,292.,2.05,3,8,69.0,9999
2020,135,15,1.7,-0.1,-0.4,289.,1.87,3,7,69.0,9999
2020,135,16,1.8,-0.4,-1.1,290.,1.85,3,6,69.0,9999
2020,135,17,2.1,-1.4,-0.5,290.,1.90,3,5,69.0,9999
2020,135,18,2.7,-1.2,1.4,283.,1.65,3,5,69.0,9999
2020,135,19,2.3,-0.2,1.3,284.,1.72,3,5,69.0,9999
2020,135,20,3.0,1.8,1.6,289.,1.41,3,6,69.0,9999
2020,135,21,2.7,1.9,-0.5,294.,1.64,3,10,69.0,9999
2020,135,22,3.0,1.7,-0.8,294.,1.53,3,9,69.0,9999
2020,135,23,3.2,1.6,-0.1,295.,1.19,3,4,69.0,9999